0 2
0.01 1.9801
0.02 1.9604
0.03 1.94089
0.04 1.92158
0.05 1.90246
0.06 1.88353
0.07 1.86479
0.08 1.84623
0.09 1.82786
0.1 1.80967
0.11 1.79167
0.12 1.77384
0.13 1.75619
0.14 1.73872
0.15 1.72142
0.16 1.70429
0.17 1.68733
0.18 1.67054
0.19 1.65392
0.2 1.63746
0.21 1.62117
0.22 1.60504
0.23 1.58907
0.24 1.57326
0.25 1.5576
0.26 1.5421
0.27 1.52676
0.28 1.51157
0.29 1.49653
0.3 1.48164
0.31 1.46689
0.32 1.4523
0.33 1.43785
0.34 1.42354
0.35 1.40938
0.36 1.39535
0.37 1.38147
0.38 1.36772
0.39 1.35411
0.4 1.34064
0.41 1.3273
0.42 1.31409
0.43 1.30102
0.44 1.28807
0.45 1.27526
0.46 1.26257
0.47 1.25
0.48 1.23757
0.49 1.22525
0.5 1.21306
0.51 1.20099
0.52 1.18904
0.53 1.17721
0.54 1.1655
0.55 1.1539
0.56 1.14242
0.57 1.13105
0.58 1.1198
0.59 1.10865
0.6 1.09762
0.61 1.0867
0.62 1.07589
0.63 1.06518
0.64 1.05458
0.65 1.04409
0.66 1.0337
0.67 1.02342
0.68 1.01323
0.69 1.00315
0.7 0.993171
0.71 0.983288
0.72 0.973505
0.73 0.963818
0.74 0.954228
0.75 0.944733
0.76 0.935333
0.77 0.926026
0.78 0.916812
0.79 0.90769
0.8 0.898658
0.81 0.889716
0.82 0.880863
0.83 0.872099
0.84 0.863421
0.85 0.85483
0.86 0.846324
0.87 0.837903
0.88 0.829566
0.89 0.821312
0.9 0.813139
0.91 0.805048
0.92 0.797038
0.93 0.789107
0.94 0.781256
0.95 0.773482
0.96 0.765786
0.97 0.758166
0.98 0.750622
0.99 0.743153
1 0.735759
1.01 0.728438
1.02 0.72119
1.03 0.714014
1.04 0.706909
1.05 0.699875
1.06 0.692912
1.07 0.686017
1.08 0.679191
1.09 0.672433
1.1 0.665742
1.11 0.659118
1.12 0.65256
1.13 0.646067
1.14 0.639638
1.15 0.633274
1.16 0.626972
1.17 0.620734
1.18 0.614557
1.19 0.608443
1.2 0.602388
1.21 0.596395
1.22 0.59046
1.23 0.584585
1.24 0.578768
1.25 0.57301
1.26 0.567308
1.27 0.561663
1.28 0.556075
1.29 0.550542
1.3 0.545064
1.31 0.53964
1.32 0.534271
1.33 0.528955
1.34 0.523691
1.35 0.518481
1.36 0.513322
1.37 0.508214
1.38 0.503157
1.39 0.498151
1.4 0.493194
1.41 0.488287
1.42 0.483428
1.43 0.478618
1.44 0.473856
1.45 0.469141
1.46 0.464473
1.47 0.459851
1.48 0.455275
1.49 0.450745
1.5 0.44626
1.51 0.44182
1.52 0.437424
1.53 0.433071
1.54 0.428762
1.55 0.424496
1.56 0.420272
1.57 0.41609
1.58 0.41195
1.59 0.407851
1.6 0.403793
1.61 0.399775
1.62 0.395797
1.63 0.391859
1.64 0.38796
1.65 0.3841
1.66 0.380278
1.67 0.376494
1.68 0.372748
1.69 0.369039
1.7 0.365367
1.71 0.361732
1.72 0.358132
1.73 0.354569
1.74 0.351041
1.75 0.347548
1.76 0.34409
1.77 0.340666
1.78 0.337276
1.79 0.33392
1.8 0.330598
1.81 0.327308
1.82 0.324052
1.83 0.320827
1.84 0.317635
1.85 0.314474
1.86 0.311345
1.87 0.308247
1.88 0.30518
1.89 0.302144
1.9 0.299137
1.91 0.296161
1.92 0.293214
1.93 0.290296
1.94 0.287408
1.95 0.284548
1.96 0.281717
1.97 0.278914
1.98 0.276138
1.99 0.273391
