0 , -0.694696 , 3.69854
0.001 , 0.983 , 0.00648226
0.002 , 0.98296 , 0.0129645
0.003 , 0.98288 , 0.0194465
0.004 , 0.982759 , 0.025928
0.005 , 0.982599 , 0.0324087
0.006 , 0.982398 , 0.0388883
0.007 , 0.982158 , 0.0453666
0.008 , 0.981877 , 0.0518433
0.009 , 0.981556 , 0.0583181
0.01 , 0.981195 , 0.0647909
0.011 , 0.980794 , 0.0712612
0.012 , 0.980353 , 0.0777289
0.013 , 0.979873 , 0.0841937
0.014 , 0.979352 , 0.0906554
0.015 , 0.978791 , 0.0971136
0.016 , 0.97819 , 0.103568
0.017 , 0.977549 , 0.110019
0.018 , 0.976869 , 0.116465
0.019 , 0.976149 , 0.122907
0.02 , 0.975388 , 0.129344
0.021 , 0.974588 , 0.135776
0.022 , 0.973749 , 0.142203
0.023 , 0.972869 , 0.148624
0.024 , 0.97195 , 0.15504
0.025 , 0.970992 , 0.161449
0.026 , 0.969994 , 0.167852
0.027 , 0.968956 , 0.174249
0.028 , 0.967879 , 0.180639
0.029 , 0.966762 , 0.187021
0.03 , 0.965606 , 0.193397
0.031 , 0.964411 , 0.199764
0.032 , 0.963176 , 0.206124
0.033 , 0.961902 , 0.212476
0.034 , 0.96059 , 0.218819
0.035 , 0.959238 , 0.225154
0.036 , 0.957846 , 0.23148
0.037 , 0.956416 , 0.237796
0.038 , 0.954948 , 0.244104
0.039 , 0.95344 , 0.250401
0.04 , 0.951893 , 0.256689
0.041 , 0.950308 , 0.262966
0.042 , 0.948684 , 0.269234
0.043 , 0.947022 , 0.27549
0.044 , 0.945321 , 0.281736
0.045 , 0.943582 , 0.28797
0.046 , 0.941804 , 0.294193
0.047 , 0.939988 , 0.300404
0.048 , 0.938134 , 0.306603
0.049 , 0.936242 , 0.312791
0.05 , 0.934312 , 0.318965
0.051 , 0.932345 , 0.325128
0.052 , 0.930339 , 0.331277
0.053 , 0.928295 , 0.337413
0.054 , 0.926214 , 0.343536
0.055 , 0.924096 , 0.349645
0.056 , 0.92194 , 0.35574
0.057 , 0.919747 , 0.361821
0.058 , 0.917516 , 0.367887
0.059 , 0.915248 , 0.373939
0.06 , 0.912944 , 0.379977
0.061 , 0.910602 , 0.385999
0.062 , 0.908224 , 0.392006
0.063 , 0.905809 , 0.397997
0.064 , 0.903357 , 0.403972
0.065 , 0.900869 , 0.409932
0.066 , 0.898344 , 0.415875
0.067 , 0.895783 , 0.421801
0.068 , 0.893186 , 0.427711
0.069 , 0.890553 , 0.433604
0.07 , 0.887884 , 0.43948
0.071 , 0.885179 , 0.445338
0.072 , 0.882439 , 0.451179
0.073 , 0.879663 , 0.457002
0.074 , 0.876851 , 0.462806
0.075 , 0.874004 , 0.468593
0.076 , 0.871122 , 0.47436
0.077 , 0.868205 , 0.480109
0.078 , 0.865254 , 0.485839
0.079 , 0.862267 , 0.49155
0.08 , 0.859246 , 0.497241
0.081 , 0.85619 , 0.502913
0.082 , 0.853099 , 0.508564
0.083 , 0.849975 , 0.514196
0.084 , 0.846816 , 0.519807
0.085 , 0.843624 , 0.525398
0.086 , 0.840398 , 0.530968
0.087 , 0.837137 , 0.536517
0.088 , 0.833844 , 0.542044
0.089 , 0.830517 , 0.547551
0.09 , 0.827157 , 0.553035
0.091 , 0.823763 , 0.558498
0.092 , 0.820337 , 0.563939
0.093 , 0.816878 , 0.569358
0.094 , 0.813386 , 0.574754
0.095 , 0.809862 , 0.580127
0.096 , 0.806305 , 0.585478
0.097 , 0.802717 , 0.590806
0.098 , 0.799096 , 0.59611
0.099 , 0.795443 , 0.601391
0.1 , 0.791759 , 0.606648
0.101 , 0.788043 , 0.611882
0.102 , 0.784296 , 0.617091
0.103 , 0.780517 , 0.622276
0.104 , 0.776708 , 0.627437
0.105 , 0.772867 , 0.632573
0.106 , 0.768996 , 0.637684
0.107 , 0.765094 , 0.642771
0.108 , 0.761162 , 0.647832
0.109 , 0.7572 , 0.652867
0.11 , 0.753208 , 0.657877
0.111 , 0.749185 , 0.662862
0.112 , 0.745134 , 0.66782
0.113 , 0.741052 , 0.672752
0.114 , 0.736941 , 0.677658
0.115 , 0.732801 , 0.682538
0.116 , 0.728632 , 0.687391
0.117 , 0.724434 , 0.692217
0.118 , 0.720208 , 0.697016
0.119 , 0.715953 , 0.701787
0.12 , 0.71167 , 0.706532
0.121 , 0.707359 , 0.711249
0.122 , 0.70302 , 0.715938
0.123 , 0.698653 , 0.720599
0.124 , 0.694258 , 0.725232
0.125 , 0.689836 , 0.729837
0.126 , 0.685388 , 0.734414
0.127 , 0.680912 , 0.738962
0.128 , 0.676409 , 0.743482
0.129 , 0.67188 , 0.747972
0.13 , 0.667324 , 0.752434
0.131 , 0.662742 , 0.756866
0.132 , 0.658134 , 0.761269
0.133 , 0.6535 , 0.765643
0.134 , 0.648841 , 0.769986
0.135 , 0.644156 , 0.774301
0.136 , 0.639446 , 0.778585
0.137 , 0.634711 , 0.782839
0.138 , 0.629951 , 0.787062
0.139 , 0.625166 , 0.791256
0.14 , 0.620357 , 0.795419
0.141 , 0.615524 , 0.799551
0.142 , 0.610667 , 0.803652
0.143 , 0.605786 , 0.807723
0.144 , 0.600881 , 0.811762
0.145 , 0.595953 , 0.81577
0.146 , 0.591001 , 0.819746
0.147 , 0.586027 , 0.823692
0.148 , 0.581029 , 0.827605
0.149 , 0.576009 , 0.831487
0.15 , 0.570967 , 0.835336
0.151 , 0.565903 , 0.839154
0.152 , 0.560816 , 0.84294
0.153 , 0.555708 , 0.846693
0.154 , 0.550578 , 0.850414
0.155 , 0.545427 , 0.854102
0.156 , 0.540254 , 0.857757
0.157 , 0.535061 , 0.86138
0.158 , 0.529847 , 0.86497
0.159 , 0.524612 , 0.868527
0.16 , 0.519357 , 0.87205
0.161 , 0.514082 , 0.875541
0.162 , 0.508787 , 0.878998
0.163 , 0.503473 , 0.882421
0.164 , 0.498139 , 0.885811
0.165 , 0.492785 , 0.889167
0.166 , 0.487413 , 0.89249
0.167 , 0.482022 , 0.895778
0.168 , 0.476612 , 0.899033
0.169 , 0.471184 , 0.902253
0.17 , 0.465738 , 0.905439
0.171 , 0.460274 , 0.90859
0.172 , 0.454792 , 0.911708
0.173 , 0.449293 , 0.91479
0.174 , 0.443776 , 0.917838
0.175 , 0.438243 , 0.920852
0.176 , 0.432692 , 0.92383
0.177 , 0.427125 , 0.926774
0.178 , 0.421541 , 0.929682
0.179 , 0.415942 , 0.932556
0.18 , 0.410326 , 0.935394
0.181 , 0.404695 , 0.938197
0.182 , 0.399048 , 0.940965
0.183 , 0.393386 , 0.943697
0.184 , 0.387708 , 0.946394
0.185 , 0.382016 , 0.949055
0.186 , 0.37631 , 0.95168
0.187 , 0.370588 , 0.95427
0.188 , 0.364853 , 0.956824
0.189 , 0.359104 , 0.959342
0.19 , 0.353341 , 0.961823
0.191 , 0.347565 , 0.964269
0.192 , 0.341775 , 0.966679
0.193 , 0.335972 , 0.969053
0.194 , 0.330157 , 0.97139
0.195 , 0.324328 , 0.973691
0.196 , 0.318488 , 0.975955
0.197 , 0.312635 , 0.978183
0.198 , 0.306771 , 0.980375
0.199 , 0.300894 , 0.98253
0.2 , 0.295007 , 0.984648
0.201 , 0.289108 , 0.98673
0.202 , 0.283198 , 0.988775
0.203 , 0.277277 , 0.990783
0.204 , 0.271345 , 0.992754
0.205 , 0.265404 , 0.994689
0.206 , 0.259452 , 0.996586
0.207 , 0.25349 , 0.998446
0.208 , 0.247519 , 1.00027
0.209 , 0.241538 , 1.00206
0.21 , 0.235548 , 1.0038
0.211 , 0.229549 , 1.00552
0.212 , 0.223542 , 1.00719
0.213 , 0.217526 , 1.00883
0.214 , 0.211501 , 1.01043
0.215 , 0.205469 , 1.01199
0.216 , 0.199429 , 1.01352
0.217 , 0.193381 , 1.015
0.218 , 0.187325 , 1.01645
0.219 , 0.181263 , 1.01787
0.22 , 0.175194 , 1.01924
0.221 , 0.169118 , 1.02058
0.222 , 0.163035 , 1.02188
0.223 , 0.156946 , 1.02314
0.224 , 0.150852 , 1.02437
0.225 , 0.144751 , 1.02556
0.226 , 0.138645 , 1.02671
0.227 , 0.132534 , 1.02782
0.228 , 0.126417 , 1.02889
0.229 , 0.120296 , 1.02993
0.23 , 0.11417 , 1.03093
0.231 , 0.10804 , 1.03189
0.232 , 0.101905 , 1.03281
0.233 , 0.0957668 , 1.0337
0.234 , 0.0896245 , 1.03454
0.235 , 0.0834788 , 1.03535
0.236 , 0.0773298 , 1.03613
0.237 , 0.0711777 , 1.03686
0.238 , 0.0650228 , 1.03756
0.239 , 0.0588653 , 1.03821
0.24 , 0.0527054 , 1.03883
0.241 , 0.0465434 , 1.03942
0.242 , 0.0403795 , 1.03996
0.243 , 0.0342139 , 1.04047
0.244 , 0.0280467 , 1.04094
0.245 , 0.0218784 , 1.04137
0.246 , 0.015709 , 1.04176
0.247 , 0.00953887 , 1.04212
0.248 , 0.00336813 , 1.04244
0.249 , -0.00280295 , 1.04272
0.25 , -0.00897415 , 1.04296
0.251 , -0.0151453 , 1.04316
0.252 , -0.021316 , 1.04333
0.253 , -0.0274863 , 1.04346
0.254 , -0.0336557 , 1.04355
0.255 , -0.0398242 , 1.0436
0.256 , -0.0459914 , 1.04361
0.257 , -0.0521572 , 1.04359
0.258 , -0.0583214 , 1.04353
0.259 , -0.0644836 , 1.04343
0.26 , -0.0706438 , 1.0433
0.261 , -0.0768016 , 1.04312
0.262 , -0.0829569 , 1.04291
0.263 , -0.0891094 , 1.04267
0.264 , -0.0952589 , 1.04238
0.265 , -0.101405 , 1.04206
0.266 , -0.107548 , 1.04169
0.267 , -0.113687 , 1.0413
0.268 , -0.119823 , 1.04086
0.269 , -0.125954 , 1.04039
0.27 , -0.132081 , 1.03988
0.271 , -0.138203 , 1.03933
0.272 , -0.144321 , 1.03874
0.273 , -0.150434 , 1.03812
0.274 , -0.156541 , 1.03746
0.275 , -0.162644 , 1.03676
0.276 , -0.16874 , 1.03603
0.277 , -0.174831 , 1.03526
0.278 , -0.180916 , 1.03445
0.279 , -0.186994 , 1.0336
0.28 , -0.193066 , 1.03272
0.281 , -0.199131 , 1.0318
0.282 , -0.20519 , 1.03084
0.283 , -0.211241 , 1.02985
0.284 , -0.217285 , 1.02882
0.285 , -0.223322 , 1.02775
0.286 , -0.22935 , 1.02665
0.287 , -0.235371 , 1.02551
0.288 , -0.241384 , 1.02433
0.289 , -0.247388 , 1.02312
0.29 , -0.253383 , 1.02187
0.291 , -0.25937 , 1.02058
0.292 , -0.265348 , 1.01926
0.293 , -0.271316 , 1.0179
0.294 , -0.277275 , 1.0165
0.295 , -0.283225 , 1.01507
0.296 , -0.289164 , 1.0136
0.297 , -0.295094 , 1.0121
0.298 , -0.301013 , 1.01056
0.299 , -0.306922 , 1.00899
0.3 , -0.31282 , 1.00737
0.301 , -0.318707 , 1.00573
0.302 , -0.324584 , 1.00404
0.303 , -0.330448 , 1.00233
0.304 , -0.336302 , 1.00057
0.305 , -0.342144 , 0.998783
0.306 , -0.347973 , 0.996958
0.307 , -0.353791 , 0.995098
0.308 , -0.359596 , 0.993203
0.309 , -0.365389 , 0.991272
0.31 , -0.371169 , 0.989306
0.311 , -0.376937 , 0.987306
0.312 , -0.382691 , 0.98527
0.313 , -0.388431 , 0.983199
0.314 , -0.394159 , 0.981094
0.315 , -0.399872 , 0.978954
0.316 , -0.405572 , 0.976779
0.317 , -0.411258 , 0.97457
0.318 , -0.416929 , 0.972326
0.319 , -0.422586 , 0.970048
0.32 , -0.428228 , 0.967736
0.321 , -0.433855 , 0.96539
0.322 , -0.439467 , 0.963009
0.323 , -0.445064 , 0.960595
0.324 , -0.450645 , 0.958146
0.325 , -0.456211 , 0.955664
0.326 , -0.461761 , 0.953148
0.327 , -0.467295 , 0.950599
0.328 , -0.472812 , 0.948016
0.329 , -0.478314 , 0.9454
0.33 , -0.483798 , 0.94275
0.331 , -0.489266 , 0.940067
0.332 , -0.494717 , 0.937351
0.333 , -0.50015 , 0.934602
0.334 , -0.505567 , 0.93182
0.335 , -0.510965 , 0.929005
0.336 , -0.516346 , 0.926158
0.337 , -0.521709 , 0.923278
0.338 , -0.527054 , 0.920365
0.339 , -0.532381 , 0.91742
0.34 , -0.537689 , 0.914443
0.341 , -0.542978 , 0.911434
0.342 , -0.548249 , 0.908393
0.343 , -0.553501 , 0.905319
0.344 , -0.558733 , 0.902214
0.345 , -0.563946 , 0.899077
0.346 , -0.569139 , 0.895909
0.347 , -0.574313 , 0.892709
0.348 , -0.579467 , 0.889478
0.349 , -0.5846 , 0.886215
0.35 , -0.589714 , 0.882922
0.351 , -0.594807 , 0.879597
0.352 , -0.599879 , 0.876242
0.353 , -0.604931 , 0.872855
0.354 , -0.609961 , 0.869438
0.355 , -0.61497 , 0.865991
0.356 , -0.619959 , 0.862513
0.357 , -0.624925 , 0.859005
0.358 , -0.62987 , 0.855467
0.359 , -0.634793 , 0.851898
0.36 , -0.639694 , 0.8483
0.361 , -0.644573 , 0.844672
0.362 , -0.649429 , 0.841015
0.363 , -0.654263 , 0.837327
0.364 , -0.659075 , 0.833611
0.365 , -0.663863 , 0.829865
0.366 , -0.668629 , 0.82609
0.367 , -0.673371 , 0.822287
0.368 , -0.67809 , 0.818454
0.369 , -0.682785 , 0.814593
0.37 , -0.687457 , 0.810703
0.371 , -0.692105 , 0.806784
0.372 , -0.696729 , 0.802838
0.373 , -0.701328 , 0.798863
0.374 , -0.705904 , 0.79486
0.375 , -0.710455 , 0.790829
0.376 , -0.714981 , 0.786771
0.377 , -0.719483 , 0.782685
0.378 , -0.723959 , 0.778571
0.379 , -0.728411 , 0.774431
0.38 , -0.732837 , 0.770263
0.381 , -0.737238 , 0.766068
0.382 , -0.741613 , 0.761846
0.383 , -0.745962 , 0.757597
0.384 , -0.750286 , 0.753322
0.385 , -0.754584 , 0.74902
0.386 , -0.758855 , 0.744692
0.387 , -0.7631 , 0.740338
0.388 , -0.767319 , 0.735958
0.389 , -0.771511 , 0.731553
0.39 , -0.775676 , 0.727121
0.391 , -0.779814 , 0.722664
0.392 , -0.783926 , 0.718182
0.393 , -0.78801 , 0.713674
0.394 , -0.792066 , 0.709141
0.395 , -0.796096 , 0.704584
0.396 , -0.800097 , 0.700002
0.397 , -0.804071 , 0.695395
0.398 , -0.808017 , 0.690763
0.399 , -0.811935 , 0.686108
0.4 , -0.815824 , 0.681428
0.401 , -0.819686 , 0.676724
0.402 , -0.823519 , 0.671997
0.403 , -0.827323 , 0.667246
0.404 , -0.831098 , 0.662472
0.405 , -0.834845 , 0.657674
0.406 , -0.838562 , 0.652853
0.407 , -0.842251 , 0.648009
0.408 , -0.84591 , 0.643142
0.409 , -0.84954 , 0.638253
0.41 , -0.85314 , 0.633341
0.411 , -0.85671 , 0.628407
0.412 , -0.860251 , 0.623451
0.413 , -0.863762 , 0.618473
0.414 , -0.867242 , 0.613473
0.415 , -0.870693 , 0.608451
0.416 , -0.874113 , 0.603408
0.417 , -0.877503 , 0.598344
0.418 , -0.880862 , 0.593259
0.419 , -0.884191 , 0.588153
0.42 , -0.887489 , 0.583026
0.421 , -0.890755 , 0.577878
0.422 , -0.893991 , 0.57271
0.423 , -0.897196 , 0.567522
0.424 , -0.900369 , 0.562314
0.425 , -0.903511 , 0.557086
0.426 , -0.906622 , 0.551838
0.427 , -0.909701 , 0.546571
0.428 , -0.912748 , 0.541284
0.429 , -0.915763 , 0.535979
0.43 , -0.918746 , 0.530654
0.431 , -0.921697 , 0.52531
0.432 , -0.924616 , 0.519948
0.433 , -0.927503 , 0.514568
0.434 , -0.930357 , 0.509169
0.435 , -0.933179 , 0.503753
0.436 , -0.935968 , 0.498318
0.437 , -0.938725 , 0.492866
0.438 , -0.941449 , 0.487396
0.439 , -0.944139 , 0.481909
0.44 , -0.946797 , 0.476405
0.441 , -0.949421 , 0.470884
0.442 , -0.952013 , 0.465347
0.443 , -0.954571 , 0.459792
0.444 , -0.957095 , 0.454222
0.445 , -0.959586 , 0.448635
0.446 , -0.962044 , 0.443032
0.447 , -0.964467 , 0.437414
0.448 , -0.966857 , 0.43178
0.449 , -0.969213 , 0.42613
0.45 , -0.971535 , 0.420466
0.451 , -0.973823 , 0.414786
0.452 , -0.976076 , 0.409092
0.453 , -0.978296 , 0.403383
0.454 , -0.98048 , 0.397659
0.455 , -0.982631 , 0.391922
0.456 , -0.984747 , 0.38617
0.457 , -0.986828 , 0.380405
0.458 , -0.988875 , 0.374626
0.459 , -0.990887 , 0.368833
0.46 , -0.992864 , 0.363028
0.461 , -0.994806 , 0.357209
0.462 , -0.996713 , 0.351378
0.463 , -0.998585 , 0.345533
0.464 , -1.00042 , 0.339677
0.465 , -1.00222 , 0.333808
0.466 , -1.00399 , 0.327928
0.467 , -1.00572 , 0.322035
0.468 , -1.00741 , 0.316131
0.469 , -1.00907 , 0.310215
0.47 , -1.0107 , 0.304289
0.471 , -1.01229 , 0.298351
0.472 , -1.01384 , 0.292403
0.473 , -1.01536 , 0.286444
0.474 , -1.01684 , 0.280474
0.475 , -1.01828 , 0.274495
0.476 , -1.01969 , 0.268506
0.477 , -1.02106 , 0.262506
0.478 , -1.0224 , 0.256498
0.479 , -1.0237 , 0.25048
0.48 , -1.02496 , 0.244453
0.481 , -1.02619 , 0.238417
0.482 , -1.02738 , 0.232372
0.483 , -1.02854 , 0.226319
0.484 , -1.02965 , 0.220257
0.485 , -1.03074 , 0.214188
0.486 , -1.03178 , 0.208111
0.487 , -1.03279 , 0.202026
0.488 , -1.03376 , 0.195933
0.489 , -1.0347 , 0.189834
0.49 , -1.03559 , 0.183727
0.491 , -1.03645 , 0.177614
0.492 , -1.03728 , 0.171494
0.493 , -1.03807 , 0.165368
0.494 , -1.03882 , 0.159236
0.495 , -1.03953 , 0.153098
0.496 , -1.0402 , 0.146954
0.497 , -1.04084 , 0.140805
0.498 , -1.04145 , 0.13465
0.499 , -1.04201 , 0.128491
0.5 , -1.04254 , 0.122326
0.501 , -1.04303 , 0.116157
0.502 , -1.04348 , 0.109984
0.503 , -1.0439 , 0.103806
0.504 , -1.04427 , 0.0976247
0.505 , -1.04461 , 0.0914395
0.506 , -1.04492 , 0.0852508
0.507 , -1.04518 , 0.0790588
0.508 , -1.04541 , 0.0728638
0.509 , -1.0456 , 0.0666659
0.51 , -1.04575 , 0.0604654
0.511 , -1.04587 , 0.0542625
0.512 , -1.04595 , 0.0480575
0.513 , -1.04599 , 0.0418504
0.514 , -1.04599 , 0.0356417
0.515 , -1.04596 , 0.0294314
0.516 , -1.04588 , 0.0232199
0.517 , -1.04577 , 0.0170073
0.518 , -1.04563 , 0.0107939
0.519 , -1.04544 , 0.00457983
0.52 , -1.04522 , -0.00163461
0.521 , -1.04496 , -0.00784921
0.522 , -1.04466 , -0.0140637
0.523 , -1.04432 , -0.020278
0.524 , -1.04395 , -0.0264918
0.525 , -1.04353 , -0.0327048
0.526 , -1.04308 , -0.0389168
0.527 , -1.0426 , -0.0451277
0.528 , -1.04207 , -0.0513372
0.529 , -1.04151 , -0.057545
0.53 , -1.04091 , -0.063751
0.531 , -1.04027 , -0.0699549
0.532 , -1.03959 , -0.0761564
0.533 , -1.03888 , -0.0823555
0.534 , -1.03813 , -0.0885518
0.535 , -1.03734 , -0.094745
0.536 , -1.03651 , -0.100935
0.537 , -1.03565 , -0.107122
0.538 , -1.03474 , -0.113305
0.539 , -1.0338 , -0.119484
0.54 , -1.03282 , -0.125659
0.541 , -1.03181 , -0.131829
0.542 , -1.03076 , -0.137995
0.543 , -1.02967 , -0.144156
0.544 , -1.02854 , -0.150313
0.545 , -1.02737 , -0.156464
0.546 , -1.02617 , -0.162609
0.547 , -1.02493 , -0.168749
0.548 , -1.02365 , -0.174882
0.549 , -1.02233 , -0.18101
0.55 , -1.02098 , -0.187131
0.551 , -1.01959 , -0.193246
0.552 , -1.01816 , -0.199354
0.553 , -1.01669 , -0.205454
0.554 , -1.01519 , -0.211548
0.555 , -1.01365 , -0.217633
0.556 , -1.01207 , -0.223711
0.557 , -1.01046 , -0.229781
0.558 , -1.00881 , -0.235843
0.559 , -1.00712 , -0.241897
0.56 , -1.00539 , -0.247942
0.561 , -1.00363 , -0.253977
0.562 , -1.00183 , -0.260004
0.563 , -0.999994 , -0.266022
0.564 , -0.99812 , -0.272029
0.565 , -0.99621 , -0.278027
0.566 , -0.994262 , -0.284015
0.567 , -0.992278 , -0.289993
0.568 , -0.990258 , -0.29596
0.569 , -0.9882 , -0.301917
0.57 , -0.986107 , -0.307863
0.571 , -0.983976 , -0.313797
0.572 , -0.98181 , -0.31972
0.573 , -0.979606 , -0.325632
0.574 , -0.977367 , -0.331532
0.575 , -0.975091 , -0.337419
0.576 , -0.972779 , -0.343295
0.577 , -0.970431 , -0.349158
0.578 , -0.968047 , -0.355008
0.579 , -0.965627 , -0.360845
0.58 , -0.963171 , -0.366669
0.581 , -0.96068 , -0.37248
0.582 , -0.958152 , -0.378277
0.583 , -0.955589 , -0.38406
0.584 , -0.95299 , -0.389829
0.585 , -0.950356 , -0.395584
0.586 , -0.947686 , -0.401324
0.587 , -0.944981 , -0.40705
0.588 , -0.94224 , -0.412761
0.589 , -0.939465 , -0.418456
0.59 , -0.936654 , -0.424136
0.591 , -0.933808 , -0.429801
0.592 , -0.930927 , -0.435449
0.593 , -0.928012 , -0.441082
0.594 , -0.925061 , -0.446699
0.595 , -0.922076 , -0.452299
0.596 , -0.919057 , -0.457882
0.597 , -0.916003 , -0.463448
0.598 , -0.912914 , -0.468997
0.599 , -0.909791 , -0.474529
0.6 , -0.906634 , -0.480044
0.601 , -0.903444 , -0.48554
0.602 , -0.900219 , -0.491019
0.603 , -0.89696 , -0.496479
0.604 , -0.893667 , -0.501921
0.605 , -0.890341 , -0.507344
0.606 , -0.886981 , -0.512749
0.607 , -0.883588 , -0.518134
0.608 , -0.880161 , -0.5235
0.609 , -0.876702 , -0.528847
0.61 , -0.873209 , -0.534174
0.611 , -0.869683 , -0.539481
0.612 , -0.866124 , -0.544768
0.613 , -0.862533 , -0.550035
0.614 , -0.858909 , -0.555281
0.615 , -0.855252 , -0.560506
0.616 , -0.851563 , -0.565711
0.617 , -0.847842 , -0.570894
0.618 , -0.844089 , -0.576056
0.619 , -0.840303 , -0.581197
0.62 , -0.836486 , -0.586315
0.621 , -0.832637 , -0.591412
0.622 , -0.828756 , -0.596487
0.623 , -0.824844 , -0.601539
0.624 , -0.820901 , -0.606569
0.625 , -0.816926 , -0.611576
0.626 , -0.812921 , -0.61656
0.627 , -0.808884 , -0.62152
0.628 , -0.804817 , -0.626458
0.629 , -0.800719 , -0.631372
0.63 , -0.79659 , -0.636262
0.631 , -0.792431 , -0.641128
0.632 , -0.788242 , -0.64597
0.633 , -0.784023 , -0.650788
0.634 , -0.779773 , -0.655581
0.635 , -0.775494 , -0.660349
0.636 , -0.771186 , -0.665093
0.637 , -0.766848 , -0.669811
0.638 , -0.76248 , -0.674504
0.639 , -0.758084 , -0.679172
0.64 , -0.753658 , -0.683814
0.641 , -0.749204 , -0.68843
0.642 , -0.74472 , -0.69302
0.643 , -0.740209 , -0.697584
0.644 , -0.735669 , -0.702122
0.645 , -0.7311 , -0.706633
0.646 , -0.726504 , -0.711117
0.647 , -0.72188 , -0.715574
0.648 , -0.717228 , -0.720004
0.649 , -0.712548 , -0.724407
0.65 , -0.707841 , -0.728782
0.651 , -0.703107 , -0.733129
0.652 , -0.698346 , -0.737449
0.653 , -0.693558 , -0.741741
0.654 , -0.688743 , -0.746004
0.655 , -0.683902 , -0.750239
0.656 , -0.679035 , -0.754446
0.657 , -0.674141 , -0.758624
0.658 , -0.669221 , -0.762773
0.659 , -0.664275 , -0.766893
0.66 , -0.659304 , -0.770984
0.661 , -0.654308 , -0.775045
0.662 , -0.649286 , -0.779077
0.663 , -0.644239 , -0.783079
0.664 , -0.639167 , -0.787051
0.665 , -0.63407 , -0.790993
0.666 , -0.628949 , -0.794905
0.667 , -0.623804 , -0.798787
0.668 , -0.618634 , -0.802638
0.669 , -0.61344 , -0.806458
0.67 , -0.608223 , -0.810248
0.671 , -0.602982 , -0.814007
0.672 , -0.597718 , -0.817734
0.673 , -0.592431 , -0.821431
0.674 , -0.58712 , -0.825095
0.675 , -0.581787 , -0.828729
0.676 , -0.576431 , -0.83233
0.677 , -0.571053 , -0.8359
0.678 , -0.565653 , -0.839437
0.679 , -0.560231 , -0.842943
0.68 , -0.554787 , -0.846416
0.681 , -0.549321 , -0.849857
0.682 , -0.543834 , -0.853265
0.683 , -0.538326 , -0.85664
0.684 , -0.532797 , -0.859983
0.685 , -0.527247 , -0.863292
0.686 , -0.521677 , -0.866568
0.687 , -0.516086 , -0.869812
0.688 , -0.510475 , -0.873021
0.689 , -0.504844 , -0.876197
0.69 , -0.499194 , -0.87934
0.691 , -0.493524 , -0.882449
0.692 , -0.487835 , -0.885523
0.693 , -0.482127 , -0.888564
0.694 , -0.4764 , -0.891571
0.695 , -0.470655 , -0.894543
0.696 , -0.464891 , -0.897481
0.697 , -0.459109 , -0.900384
0.698 , -0.453309 , -0.903253
0.699 , -0.447491 , -0.906087
0.7 , -0.441656 , -0.908886
0.701 , -0.435803 , -0.91165
0.702 , -0.429933 , -0.914379
0.703 , -0.424047 , -0.917073
0.704 , -0.418144 , -0.919731
0.705 , -0.412224 , -0.922354
0.706 , -0.406289 , -0.924942
0.707 , -0.400337 , -0.927493
0.708 , -0.39437 , -0.93001
0.709 , -0.388387 , -0.93249
0.71 , -0.38239 , -0.934934
0.711 , -0.376377 , -0.937342
0.712 , -0.370349 , -0.939715
0.713 , -0.364307 , -0.94205
0.714 , -0.35825 , -0.94435
0.715 , -0.352179 , -0.946613
0.716 , -0.346095 , -0.94884
0.717 , -0.339997 , -0.95103
0.718 , -0.333885 , -0.953183
0.719 , -0.327761 , -0.9553
0.72 , -0.321623 , -0.95738
0.721 , -0.315473 , -0.959423
0.722 , -0.30931 , -0.961428
0.723 , -0.303135 , -0.963397
0.724 , -0.296949 , -0.965329
0.725 , -0.29075 , -0.967223
0.726 , -0.28454 , -0.96908
0.727 , -0.278319 , -0.9709
0.728 , -0.272086 , -0.972682
0.729 , -0.265843 , -0.974426
0.73 , -0.25959 , -0.976133
0.731 , -0.253326 , -0.977803
0.732 , -0.247052 , -0.979434
0.733 , -0.240769 , -0.981028
0.734 , -0.234475 , -0.982584
0.735 , -0.228173 , -0.984102
0.736 , -0.221861 , -0.985582
0.737 , -0.215541 , -0.987024
0.738 , -0.209212 , -0.988428
0.739 , -0.202875 , -0.989794
0.74 , -0.196529 , -0.991121
0.741 , -0.190176 , -0.992411
0.742 , -0.183815 , -0.993662
0.743 , -0.177447 , -0.994875
0.744 , -0.171072 , -0.996049
0.745 , -0.16469 , -0.997185
0.746 , -0.158301 , -0.998282
0.747 , -0.151906 , -0.999341
0.748 , -0.145505 , -1.00036
0.749 , -0.139098 , -1.00134
0.75 , -0.132685 , -1.00229
0.751 , -0.126267 , -1.00319
0.752 , -0.119844 , -1.00406
0.753 , -0.113416 , -1.00489
0.754 , -0.106984 , -1.00567
0.755 , -0.100547 , -1.00642
0.756 , -0.0941056 , -1.00713
0.757 , -0.0876606 , -1.00781
0.758 , -0.081212 , -1.00844
0.759 , -0.07476 , -1.00903
0.76 , -0.0683049 , -1.00959
0.761 , -0.0618469 , -1.01011
0.762 , -0.0553862 , -1.01059
0.763 , -0.0489232 , -1.01102
0.764 , -0.0424581 , -1.01142
0.765 , -0.035991 , -1.01179
0.766 , -0.0295224 , -1.01211
0.767 , -0.0230523 , -1.01239
0.768 , -0.0165811 , -1.01264
0.769 , -0.0101091 , -1.01284
0.77 , -0.00363636 , -1.01301
0.771 , 0.00283674 , -1.01314
0.772 , 0.00930998 , -1.01322
0.773 , 0.0157831 , -1.01327
0.774 , 0.0222559 , -1.01329
0.775 , 0.028728 , -1.01326
0.776 , 0.0351994 , -1.01319
0.777 , 0.0416696 , -1.01308
0.778 , 0.0481384 , -1.01294
0.779 , 0.0546057 , -1.01276
0.78 , 0.0610711 , -1.01253
0.781 , 0.0675344 , -1.01227
0.782 , 0.0739954 , -1.01197
0.783 , 0.0804538 , -1.01163
0.784 , 0.0869093 , -1.01126
0.785 , 0.0933618 , -1.01084
0.786 , 0.099811 , -1.01039
0.787 , 0.106257 , -1.00989
0.788 , 0.112698 , -1.00936
0.789 , 0.119136 , -1.00879
0.79 , 0.125569 , -1.00818
0.791 , 0.131998 , -1.00753
0.792 , 0.138422 , -1.00684
0.793 , 0.144841 , -1.00612
0.794 , 0.151255 , -1.00536
0.795 , 0.157663 , -1.00455
0.796 , 0.164066 , -1.00371
0.797 , 0.170462 , -1.00283
0.798 , 0.176852 , -1.00192
0.799 , 0.183236 , -1.00096
0.8 , 0.189613 , -0.999969
0.801 , 0.195983 , -0.998938
0.802 , 0.202345 , -0.997868
0.803 , 0.2087 , -0.996761
0.804 , 0.215048 , -0.995615
0.805 , 0.221388 , -0.994432
0.806 , 0.227719 , -0.993211
0.807 , 0.234042 , -0.991952
0.808 , 0.240357 , -0.990655
0.809 , 0.246662 , -0.989321
0.81 , 0.252958 , -0.987949
0.811 , 0.259245 , -0.986539
0.812 , 0.265523 , -0.985092
0.813 , 0.27179 , -0.983608
0.814 , 0.278048 , -0.982086
0.815 , 0.284295 , -0.980527
0.816 , 0.290532 , -0.978931
0.817 , 0.296758 , -0.977298
0.818 , 0.302973 , -0.975628
0.819 , 0.309177 , -0.973921
0.82 , 0.315369 , -0.972177
0.821 , 0.32155 , -0.970396
0.822 , 0.327718 , -0.968578
0.823 , 0.333875 , -0.966724
0.824 , 0.340019 , -0.964834
0.825 , 0.346151 , -0.962906
0.826 , 0.35227 , -0.960943
0.827 , 0.358375 , -0.958943
0.828 , 0.364468 , -0.956907
0.829 , 0.370547 , -0.954835
0.83 , 0.376612 , -0.952727
0.831 , 0.382664 , -0.950583
0.832 , 0.388701 , -0.948404
0.833 , 0.394724 , -0.946188
0.834 , 0.400732 , -0.943937
0.835 , 0.406726 , -0.941651
0.836 , 0.412704 , -0.939329
0.837 , 0.418667 , -0.936972
0.838 , 0.424615 , -0.934579
0.839 , 0.430547 , -0.932152
0.84 , 0.436463 , -0.929689
0.841 , 0.442363 , -0.927192
0.842 , 0.448247 , -0.92466
0.843 , 0.454114 , -0.922093
0.844 , 0.459965 , -0.919492
0.845 , 0.465798 , -0.916856
0.846 , 0.471615 , -0.914186
0.847 , 0.477414 , -0.911482
0.848 , 0.483195 , -0.908744
0.849 , 0.488959 , -0.905972
0.85 , 0.494704 , -0.903166
0.851 , 0.500432 , -0.900326
0.852 , 0.506141 , -0.897453
0.853 , 0.511831 , -0.894546
0.854 , 0.517503 , -0.891606
0.855 , 0.523156 , -0.888633
0.856 , 0.528789 , -0.885626
0.857 , 0.534403 , -0.882587
0.858 , 0.539998 , -0.879515
0.859 , 0.545572 , -0.87641
0.86 , 0.551127 , -0.873272
0.861 , 0.556661 , -0.870102
0.862 , 0.562176 , -0.8669
0.863 , 0.567669 , -0.863666
0.864 , 0.573142 , -0.860399
0.865 , 0.578594 , -0.857101
0.866 , 0.584024 , -0.853771
0.867 , 0.589434 , -0.850409
0.868 , 0.594821 , -0.847016
0.869 , 0.600187 , -0.843592
0.87 , 0.605532 , -0.840136
0.871 , 0.610854 , -0.83665
0.872 , 0.616154 , -0.833132
0.873 , 0.621431 , -0.829584
0.874 , 0.626686 , -0.826005
0.875 , 0.631918 , -0.822396
0.876 , 0.637127 , -0.818756
0.877 , 0.642312 , -0.815086
0.878 , 0.647475 , -0.811387
0.879 , 0.652614 , -0.807657
0.88 , 0.657729 , -0.803898
0.881 , 0.66282 , -0.800109
0.882 , 0.667887 , -0.796291
0.883 , 0.672931 , -0.792443
0.884 , 0.677949 , -0.788567
0.885 , 0.682943 , -0.784661
0.886 , 0.687913 , -0.780727
0.887 , 0.692857 , -0.776764
0.888 , 0.697777 , -0.772773
0.889 , 0.702671 , -0.768753
0.89 , 0.70754 , -0.764706
0.891 , 0.712383 , -0.76063
0.892 , 0.717201 , -0.756527
0.893 , 0.721993 , -0.752396
0.894 , 0.726758 , -0.748238
0.895 , 0.731498 , -0.744052
0.896 , 0.736211 , -0.739839
0.897 , 0.740898 , -0.735599
0.898 , 0.745558 , -0.731333
0.899 , 0.750191 , -0.727039
0.9 , 0.754798 , -0.72272
0.901 , 0.759377 , -0.718374
0.902 , 0.763929 , -0.714002
0.903 , 0.768453 , -0.709604
0.904 , 0.77295 , -0.70518
0.905 , 0.777419 , -0.700731
0.906 , 0.781861 , -0.696256
0.907 , 0.786274 , -0.691756
0.908 , 0.79066 , -0.687231
0.909 , 0.795017 , -0.682682
0.91 , 0.799345 , -0.678107
0.911 , 0.803645 , -0.673508
0.912 , 0.807917 , -0.668885
0.913 , 0.812159 , -0.664237
0.914 , 0.816373 , -0.659566
0.915 , 0.820557 , -0.65487
0.916 , 0.824713 , -0.650152
0.917 , 0.828838 , -0.645409
0.918 , 0.832935 , -0.640644
0.919 , 0.837002 , -0.635855
0.92 , 0.841039 , -0.631043
0.921 , 0.845046 , -0.626209
0.922 , 0.849023 , -0.621352
0.923 , 0.85297 , -0.616473
0.924 , 0.856887 , -0.611572
0.925 , 0.860773 , -0.606649
0.926 , 0.864629 , -0.601704
0.927 , 0.868455 , -0.596738
0.928 , 0.872249 , -0.59175
0.929 , 0.876013 , -0.586741
0.93 , 0.879746 , -0.581711
0.931 , 0.883447 , -0.57666
0.932 , 0.887118 , -0.571588
0.933 , 0.890757 , -0.566496
0.934 , 0.894365 , -0.561384
0.935 , 0.897941 , -0.556252
0.936 , 0.901486 , -0.5511
0.937 , 0.904999 , -0.545928
0.938 , 0.90848 , -0.540737
0.939 , 0.911929 , -0.535526
0.94 , 0.915346 , -0.530297
0.941 , 0.918731 , -0.525048
0.942 , 0.922084 , -0.519781
0.943 , 0.925404 , -0.514495
0.944 , 0.928692 , -0.509191
0.945 , 0.931947 , -0.503869
0.946 , 0.93517 , -0.498529
0.947 , 0.938359 , -0.493172
0.948 , 0.941517 , -0.487797
0.949 , 0.944641 , -0.482404
0.95 , 0.947732 , -0.476995
0.951 , 0.95079 , -0.471568
0.952 , 0.953815 , -0.466125
0.953 , 0.956806 , -0.460665
0.954 , 0.959764 , -0.455189
0.955 , 0.962689 , -0.449697
0.956 , 0.96558 , -0.444189
0.957 , 0.968437 , -0.438666
0.958 , 0.971261 , -0.433126
0.959 , 0.974051 , -0.427572
0.96 , 0.976807 , -0.422002
0.961 , 0.979529 , -0.416418
0.962 , 0.982218 , -0.410818
0.963 , 0.984872 , -0.405205
0.964 , 0.987492 , -0.399577
0.965 , 0.990077 , -0.393934
0.966 , 0.992629 , -0.388278
0.967 , 0.995145 , -0.382609
0.968 , 0.997628 , -0.376926
0.969 , 1.00008 , -0.371229
0.97 , 1.00249 , -0.36552
0.971 , 1.00487 , -0.359797
0.972 , 1.00721 , -0.354062
0.973 , 1.00952 , -0.348315
0.974 , 1.0118 , -0.342555
0.975 , 1.01403 , -0.336783
0.976 , 1.01624 , -0.331
0.977 , 1.01841 , -0.325204
0.978 , 1.02054 , -0.319398
0.979 , 1.02264 , -0.31358
0.98 , 1.02471 , -0.307751
0.981 , 1.02674 , -0.301911
0.982 , 1.02873 , -0.296061
0.983 , 1.03069 , -0.2902
0.984 , 1.03261 , -0.284329
0.985 , 1.0345 , -0.278448
0.986 , 1.03635 , -0.272558
0.987 , 1.03816 , -0.266657
0.988 , 1.03995 , -0.260748
0.989 , 1.04169 , -0.254829
0.99 , 1.0434 , -0.248901
0.991 , 1.04507 , -0.242965
0.992 , 1.04671 , -0.23702
0.993 , 1.04831 , -0.231067
0.994 , 1.04988 , -0.225105
0.995 , 1.05141 , -0.219136
0.996 , 1.0529 , -0.213159
0.997 , 1.05436 , -0.207174
0.998 , 1.05578 , -0.201183
0.999 , 1.05717 , -0.195184
1 , 1.05852 , -0.189178
1.001 , 1.05984 , -0.183166
1.002 , 1.06111 , -0.177147
1.003 , 1.06236 , -0.171122
1.004 , 1.06356 , -0.165091
1.005 , 1.06473 , -0.159054
1.006 , 1.06587 , -0.153011
1.007 , 1.06696 , -0.146963
1.008 , 1.06802 , -0.14091
1.009 , 1.06905 , -0.134852
1.01 , 1.07004 , -0.128789
1.011 , 1.07099 , -0.122721
1.012 , 1.07191 , -0.116649
1.013 , 1.07278 , -0.110573
1.014 , 1.07363 , -0.104493
1.015 , 1.07443 , -0.0984093
1.016 , 1.07521 , -0.092322
1.017 , 1.07594 , -0.0862313
1.018 , 1.07664 , -0.0801375
1.019 , 1.0773 , -0.0740408
1.02 , 1.07792 , -0.0679413
1.021 , 1.07851 , -0.0618394
1.022 , 1.07906 , -0.0557352
1.023 , 1.07958 , -0.0496288
1.024 , 1.08006 , -0.0435206
1.025 , 1.0805 , -0.0374108
1.026 , 1.08091 , -0.0312994
1.027 , 1.08128 , -0.0251868
1.028 , 1.08161 , -0.0190731
1.029 , 1.08191 , -0.0129586
1.03 , 1.08217 , -0.00684346
1.031 , 1.08239 , -0.000727861
1.032 , 1.08258 , 0.00538796
1.033 , 1.08273 , 0.0115038
1.034 , 1.08284 , 0.0176195
1.035 , 1.08292 , 0.0237348
1.036 , 1.08296 , 0.0298495
1.037 , 1.08297 , 0.0359633
1.038 , 1.08294 , 0.0420762
1.039 , 1.08287 , 0.0481879
1.04 , 1.08277 , 0.0542982
1.041 , 1.08262 , 0.0604068
1.042 , 1.08245 , 0.0665137
1.043 , 1.08224 , 0.0726185
1.044 , 1.08199 , 0.078721
1.045 , 1.0817 , 0.0848212
1.046 , 1.08138 , 0.0909187
1.047 , 1.08102 , 0.0970133
1.048 , 1.08063 , 0.103105
1.049 , 1.0802 , 0.109193
1.05 , 1.07973 , 0.115278
1.051 , 1.07923 , 0.121359
1.052 , 1.07869 , 0.127437
1.053 , 1.07811 , 0.13351
1.054 , 1.0775 , 0.139579
1.055 , 1.07686 , 0.145644
1.056 , 1.07617 , 0.151704
1.057 , 1.07545 , 0.157759
1.058 , 1.0747 , 0.163809
1.059 , 1.07391 , 0.169854
1.06 , 1.07308 , 0.175893
1.061 , 1.07222 , 0.181927
1.062 , 1.07132 , 0.187955
1.063 , 1.07039 , 0.193976
1.064 , 1.06942 , 0.199992
1.065 , 1.06841 , 0.206001
1.066 , 1.06737 , 0.212003
1.067 , 1.0663 , 0.217998
1.068 , 1.06518 , 0.223987
1.069 , 1.06404 , 0.229968
1.07 , 1.06285 , 0.235942
1.071 , 1.06164 , 0.241908
1.072 , 1.06038 , 0.247866
1.073 , 1.05909 , 0.253816
1.074 , 1.05777 , 0.259758
1.075 , 1.05641 , 0.265691
1.076 , 1.05501 , 0.271616
1.077 , 1.05358 , 0.277532
1.078 , 1.05212 , 0.283439
1.079 , 1.05062 , 0.289337
1.08 , 1.04908 , 0.295225
1.081 , 1.04751 , 0.301104
1.082 , 1.04591 , 0.306973
1.083 , 1.04427 , 0.312832
1.084 , 1.0426 , 0.31868
1.085 , 1.04089 , 0.324519
1.086 , 1.03914 , 0.330346
1.087 , 1.03737 , 0.336163
1.088 , 1.03555 , 0.34197
1.089 , 1.03371 , 0.347764
1.09 , 1.03183 , 0.353548
1.091 , 1.02991 , 0.35932
1.092 , 1.02796 , 0.36508
1.093 , 1.02598 , 0.370829
1.094 , 1.02396 , 0.376565
1.095 , 1.02191 , 0.382289
1.096 , 1.01982 , 0.388001
1.097 , 1.0177 , 0.393699
1.098 , 1.01555 , 0.399385
1.099 , 1.01336 , 0.405058
1.1 , 1.01114 , 0.410718
1.101 , 1.00889 , 0.416365
1.102 , 1.0066 , 0.421997
1.103 , 1.00428 , 0.427616
1.104 , 1.00193 , 0.433221
1.105 , 0.999538 , 0.438812
1.106 , 0.997117 , 0.444389
1.107 , 0.994663 , 0.449951
1.108 , 0.992176 , 0.455498
1.109 , 0.989657 , 0.46103
1.11 , 0.987104 , 0.466548
1.111 , 0.984519 , 0.47205
1.112 , 0.981901 , 0.477536
1.113 , 0.97925 , 0.483007
1.114 , 0.976567 , 0.488462
1.115 , 0.973852 , 0.493902
1.116 , 0.971104 , 0.499325
1.117 , 0.968324 , 0.504731
1.118 , 0.965512 , 0.510122
1.119 , 0.962668 , 0.515495
1.12 , 0.959792 , 0.520852
1.121 , 0.956884 , 0.526191
1.122 , 0.953944 , 0.531514
1.123 , 0.950973 , 0.536819
1.124 , 0.94797 , 0.542106
1.125 , 0.944936 , 0.547376
1.126 , 0.941871 , 0.552628
1.127 , 0.938774 , 0.557861
1.128 , 0.935646 , 0.563077
1.129 , 0.932487 , 0.568274
1.13 , 0.929297 , 0.573452
1.131 , 0.926076 , 0.578611
1.132 , 0.922824 , 0.583752
1.133 , 0.919542 , 0.588873
1.134 , 0.916229 , 0.593975
1.135 , 0.912886 , 0.599058
1.136 , 0.909513 , 0.604121
1.137 , 0.906109 , 0.609164
1.138 , 0.902676 , 0.614187
1.139 , 0.899212 , 0.61919
1.14 , 0.895718 , 0.624173
1.141 , 0.892195 , 0.629135
1.142 , 0.888642 , 0.634077
1.143 , 0.88506 , 0.638997
1.144 , 0.881448 , 0.643897
1.145 , 0.877807 , 0.648776
1.146 , 0.874137 , 0.653633
1.147 , 0.870437 , 0.658469
1.148 , 0.866709 , 0.663283
1.149 , 0.862952 , 0.668075
1.15 , 0.859166 , 0.672846
1.151 , 0.855352 , 0.677594
1.152 , 0.851509 , 0.68232
1.153 , 0.847638 , 0.687024
1.154 , 0.843738 , 0.691705
1.155 , 0.839811 , 0.696363
1.156 , 0.835855 , 0.700998
1.157 , 0.831872 , 0.70561
1.158 , 0.827861 , 0.710199
1.159 , 0.823823 , 0.714765
1.16 , 0.819757 , 0.719307
1.161 , 0.815663 , 0.723825
1.162 , 0.811543 , 0.72832
1.163 , 0.807396 , 0.73279
1.164 , 0.803221 , 0.737237
1.165 , 0.79902 , 0.741659
1.166 , 0.794792 , 0.746057
1.167 , 0.790538 , 0.750429
1.168 , 0.786257 , 0.754778
1.169 , 0.78195 , 0.759101
1.17 , 0.777617 , 0.763399
1.171 , 0.773258 , 0.767672
1.172 , 0.768873 , 0.77192
1.173 , 0.764463 , 0.776142
1.174 , 0.760027 , 0.780339
1.175 , 0.755565 , 0.78451
1.176 , 0.751078 , 0.788654
1.177 , 0.746566 , 0.792773
1.178 , 0.74203 , 0.796866
1.179 , 0.737468 , 0.800932
1.18 , 0.732882 , 0.804972
1.181 , 0.728271 , 0.808985
1.182 , 0.723635 , 0.812971
1.183 , 0.718976 , 0.81693
1.184 , 0.714292 , 0.820862
1.185 , 0.709585 , 0.824767
1.186 , 0.704854 , 0.828645
1.187 , 0.700099 , 0.832495
1.188 , 0.69532 , 0.836318
1.189 , 0.690518 , 0.840113
1.19 , 0.685693 , 0.84388
1.191 , 0.680845 , 0.847619
1.192 , 0.675974 , 0.851329
1.193 , 0.671081 , 0.855012
1.194 , 0.666165 , 0.858666
1.195 , 0.661226 , 0.862292
1.196 , 0.656265 , 0.865889
1.197 , 0.651283 , 0.869457
1.198 , 0.646278 , 0.872996
1.199 , 0.641251 , 0.876506
1.2 , 0.636203 , 0.879987
1.201 , 0.631133 , 0.883439
1.202 , 0.626042 , 0.886861
1.203 , 0.62093 , 0.890253
1.204 , 0.615798 , 0.893616
1.205 , 0.610644 , 0.89695
1.206 , 0.605469 , 0.900253
1.207 , 0.600275 , 0.903526
1.208 , 0.59506 , 0.906769
1.209 , 0.589824 , 0.909982
1.21 , 0.584569 , 0.913164
1.211 , 0.579294 , 0.916316
1.212 , 0.574 , 0.919437
1.213 , 0.568686 , 0.922528
1.214 , 0.563352 , 0.925587
1.215 , 0.558 , 0.928616
1.216 , 0.552629 , 0.931614
1.217 , 0.547239 , 0.93458
1.218 , 0.54183 , 0.937515
1.219 , 0.536403 , 0.940418
1.22 , 0.530958 , 0.943291
1.221 , 0.525495 , 0.946131
1.222 , 0.520014 , 0.94894
1.223 , 0.514515 , 0.951716
1.224 , 0.508998 , 0.954461
1.225 , 0.503465 , 0.957174
1.226 , 0.497914 , 0.959855
1.227 , 0.492346 , 0.962503
1.228 , 0.486761 , 0.965119
1.229 , 0.48116 , 0.967703
1.23 , 0.475543 , 0.970253
1.231 , 0.469909 , 0.972772
1.232 , 0.464259 , 0.975257
1.233 , 0.458593 , 0.97771
1.234 , 0.452911 , 0.980129
1.235 , 0.447214 , 0.982516
1.236 , 0.441502 , 0.984869
1.237 , 0.435774 , 0.98719
1.238 , 0.430032 , 0.989476
1.239 , 0.424275 , 0.99173
1.24 , 0.418503 , 0.99395
1.241 , 0.412717 , 0.996136
1.242 , 0.406917 , 0.998289
1.243 , 0.401102 , 1.00041
1.244 , 0.395274 , 1.00249
1.245 , 0.389432 , 1.00454
1.246 , 0.383577 , 1.00656
1.247 , 0.377709 , 1.00854
1.248 , 0.371827 , 1.01049
1.249 , 0.365933 , 1.01241
1.25 , 0.360026 , 1.01429
1.251 , 0.354107 , 1.01613
1.252 , 0.348175 , 1.01794
1.253 , 0.342231 , 1.01972
1.254 , 0.336276 , 1.02146
1.255 , 0.330308 , 1.02317
1.256 , 0.32433 , 1.02484
1.257 , 0.31834 , 1.02648
1.258 , 0.312339 , 1.02808
1.259 , 0.306327 , 1.02964
1.26 , 0.300304 , 1.03118
1.261 , 0.294271 , 1.03267
1.262 , 0.288228 , 1.03414
1.263 , 0.282174 , 1.03556
1.264 , 0.276111 , 1.03695
1.265 , 0.270038 , 1.03831
1.266 , 0.263956 , 1.03963
1.267 , 0.257864 , 1.04091
1.268 , 0.251764 , 1.04216
1.269 , 0.245654 , 1.04337
1.27 , 0.239536 , 1.04455
1.271 , 0.233409 , 1.04569
1.272 , 0.227274 , 1.0468
1.273 , 0.221132 , 1.04787
1.274 , 0.214981 , 1.0489
1.275 , 0.208823 , 1.0499
1.276 , 0.202657 , 1.05086
1.277 , 0.196484 , 1.05179
1.278 , 0.190305 , 1.05267
1.279 , 0.184118 , 1.05353
1.28 , 0.177925 , 1.05434
1.281 , 0.171725 , 1.05512
1.282 , 0.16552 , 1.05587
1.283 , 0.159308 , 1.05658
1.284 , 0.153091 , 1.05725
1.285 , 0.146868 , 1.05788
1.286 , 0.14064 , 1.05848
1.287 , 0.134407 , 1.05904
1.288 , 0.128169 , 1.05957
1.289 , 0.121926 , 1.06005
1.29 , 0.115679 , 1.06051
1.291 , 0.109428 , 1.06092
1.292 , 0.103173 , 1.0613
1.293 , 0.0969137 , 1.06164
1.294 , 0.090651 , 1.06194
1.295 , 0.0843849 , 1.06221
1.296 , 0.0781157 , 1.06244
1.297 , 0.0718436 , 1.06264
1.298 , 0.0655688 , 1.06279
1.299 , 0.0592915 , 1.06291
1.3 , 0.0530118 , 1.063
1.301 , 0.0467302 , 1.06304
1.302 , 0.0404467 , 1.06305
1.303 , 0.0341615 , 1.06302
1.304 , 0.0278749 , 1.06296
1.305 , 0.0215872 , 1.06286
1.306 , 0.0152985 , 1.06272
1.307 , 0.009009 , 1.06254
1.308 , 0.002719 , 1.06233
1.309 , -0.00357133 , 1.06208
1.31 , -0.00986174 , 1.06179
1.311 , -0.016152 , 1.06147
1.312 , -0.022442 , 1.0611
1.313 , -0.0287314 , 1.06071
1.314 , -0.03502 , 1.06027
1.315 , -0.0413076 , 1.0598
1.316 , -0.0475939 , 1.05929
1.317 , -0.0538788 , 1.05874
1.318 , -0.0601621 , 1.05815
1.319 , -0.0664434 , 1.05753
1.32 , -0.0727227 , 1.05687
1.321 , -0.0789996 , 1.05618
1.322 , -0.0852739 , 1.05544
1.323 , -0.0915455 , 1.05467
1.324 , -0.0978141 , 1.05387
1.325 , -0.104079 , 1.05302
1.326 , -0.110341 , 1.05214
1.327 , -0.1166 , 1.05122
1.328 , -0.122854 , 1.05026
1.329 , -0.129104 , 1.04927
1.33 , -0.13535 , 1.04824
1.331 , -0.141591 , 1.04717
1.332 , -0.147828 , 1.04607
1.333 , -0.15406 , 1.04493
1.334 , -0.160286 , 1.04375
1.335 , -0.166507 , 1.04254
1.336 , -0.172722 , 1.04128
1.337 , -0.178932 , 1.04
1.338 , -0.185135 , 1.03867
1.339 , -0.191332 , 1.03731
1.34 , -0.197522 , 1.03591
1.341 , -0.203706 , 1.03447
1.342 , -0.209882 , 1.033
1.343 , -0.216051 , 1.03149
1.344 , -0.222213 , 1.02994
1.345 , -0.228368 , 1.02836
1.346 , -0.234514 , 1.02674
1.347 , -0.240652 , 1.02509
1.348 , -0.246782 , 1.02339
1.349 , -0.252903 , 1.02166
1.35 , -0.259016 , 1.0199
1.351 , -0.265119 , 1.0181
1.352 , -0.271214 , 1.01626
1.353 , -0.277298 , 1.01439
1.354 , -0.283374 , 1.01248
1.355 , -0.289439 , 1.01053
1.356 , -0.295494 , 1.00855
1.357 , -0.301539 , 1.00653
1.358 , -0.307573 , 1.00447
1.359 , -0.313597 , 1.00238
1.36 , -0.319609 , 1.00025
1.361 , -0.325611 , 0.998092
1.362 , -0.3316 , 0.995894
1.363 , -0.337579 , 0.99366
1.364 , -0.343545 , 0.99139
1.365 , -0.349499 , 0.989085
1.366 , -0.355441 , 0.986744
1.367 , -0.361371 , 0.984368
1.368 , -0.367287 , 0.981957
1.369 , -0.373191 , 0.97951
1.37 , -0.379082 , 0.977028
1.371 , -0.384959 , 0.974511
1.372 , -0.390823 , 0.971958
1.373 , -0.396672 , 0.969371
1.374 , -0.402508 , 0.966749
1.375 , -0.408329 , 0.964092
1.376 , -0.414136 , 0.9614
1.377 , -0.419929 , 0.958673
1.378 , -0.425706 , 0.955912
1.379 , -0.431468 , 0.953116
1.38 , -0.437215 , 0.950286
1.381 , -0.442947 , 0.947422
1.382 , -0.448662 , 0.944523
1.383 , -0.454362 , 0.94159
1.384 , -0.460045 , 0.938623
1.385 , -0.465712 , 0.935623
1.386 , -0.471363 , 0.932588
1.387 , -0.476996 , 0.929519
1.388 , -0.482613 , 0.926417
1.389 , -0.488212 , 0.923281
1.39 , -0.493794 , 0.920112
1.391 , -0.499359 , 0.916909
1.392 , -0.504905 , 0.913673
1.393 , -0.510433 , 0.910404
1.394 , -0.515944 , 0.907102
1.395 , -0.521435 , 0.903767
1.396 , -0.526908 , 0.900399
1.397 , -0.532362 , 0.896998
1.398 , -0.537797 , 0.893565
1.399 , -0.543213 , 0.890099
1.4 , -0.548609 , 0.886601
1.401 , -0.553985 , 0.88307
1.402 , -0.559342 , 0.879508
1.403 , -0.564678 , 0.875913
1.404 , -0.569995 , 0.872286
1.405 , -0.57529 , 0.868628
1.406 , -0.580565 , 0.864937
1.407 , -0.585819 , 0.861216
1.408 , -0.591052 , 0.857463
1.409 , -0.596264 , 0.853678
1.41 , -0.601454 , 0.849863
1.411 , -0.606622 , 0.846016
1.412 , -0.611769 , 0.842138
1.413 , -0.616894 , 0.83823
1.414 , -0.621996 , 0.834291
1.415 , -0.627076 , 0.830321
1.416 , -0.632133 , 0.826321
1.417 , -0.637167 , 0.822291
1.418 , -0.642178 , 0.818231
1.419 , -0.647166 , 0.814141
1.42 , -0.652131 , 0.81002
1.421 , -0.657072 , 0.805871
1.422 , -0.661989 , 0.801691
1.423 , -0.666883 , 0.797483
1.424 , -0.671752 , 0.793245
1.425 , -0.676596 , 0.788978
1.426 , -0.681417 , 0.784682
1.427 , -0.686212 , 0.780357
1.428 , -0.690983 , 0.776003
1.429 , -0.695729 , 0.771621
1.43 , -0.700449 , 0.767211
1.431 , -0.705144 , 0.762773
1.432 , -0.709813 , 0.758306
1.433 , -0.714457 , 0.753812
1.434 , -0.719075 , 0.749289
1.435 , -0.723666 , 0.74474
1.436 , -0.728232 , 0.740163
1.437 , -0.73277 , 0.735558
1.438 , -0.737283 , 0.730927
1.439 , -0.741768 , 0.726269
1.44 , -0.746226 , 0.721584
1.441 , -0.750657 , 0.716872
1.442 , -0.755061 , 0.712134
1.443 , -0.759438 , 0.70737
1.444 , -0.763787 , 0.702579
1.445 , -0.768108 , 0.697763
1.446 , -0.772401 , 0.692921
1.447 , -0.776666 , 0.688054
1.448 , -0.780902 , 0.683161
1.449 , -0.78511 , 0.678243
1.45 , -0.78929 , 0.673299
1.451 , -0.793441 , 0.668332
1.452 , -0.797563 , 0.663339
1.453 , -0.801655 , 0.658322
1.454 , -0.805719 , 0.65328
1.455 , -0.809753 , 0.648215
1.456 , -0.813758 , 0.643125
1.457 , -0.817733 , 0.638012
1.458 , -0.821678 , 0.632875
1.459 , -0.825593 , 0.627715
1.46 , -0.829478 , 0.622531
1.461 , -0.833333 , 0.617325
1.462 , -0.837157 , 0.612096
1.463 , -0.840951 , 0.606844
1.464 , -0.844714 , 0.601569
1.465 , -0.848446 , 0.596273
1.466 , -0.852148 , 0.590954
1.467 , -0.855818 , 0.585613
1.468 , -0.859457 , 0.580251
1.469 , -0.863064 , 0.574868
1.47 , -0.86664 , 0.569463
1.471 , -0.870185 , 0.564036
1.472 , -0.873697 , 0.55859
1.473 , -0.877178 , 0.553122
1.474 , -0.880627 , 0.547634
1.475 , -0.884043 , 0.542125
1.476 , -0.887427 , 0.536597
1.477 , -0.890779 , 0.531049
1.478 , -0.894098 , 0.525481
1.479 , -0.897385 , 0.519893
1.48 , -0.900638 , 0.514286
1.481 , -0.903859 , 0.50866
1.482 , -0.907047 , 0.503016
1.483 , -0.910202 , 0.497352
1.484 , -0.913323 , 0.491671
1.485 , -0.916411 , 0.485971
1.486 , -0.919466 , 0.480253
1.487 , -0.922487 , 0.474517
1.488 , -0.925474 , 0.468763
1.489 , -0.928428 , 0.462992
1.49 , -0.931348 , 0.457204
1.491 , -0.934233 , 0.451399
1.492 , -0.937085 , 0.445578
1.493 , -0.939902 , 0.439739
1.494 , -0.942685 , 0.433885
1.495 , -0.945433 , 0.428014
1.496 , -0.948147 , 0.422128
1.497 , -0.950827 , 0.416225
1.498 , -0.953471 , 0.410308
1.499 , -0.956081 , 0.404375
1.5 , -0.958656 , 0.398427
1.501 , -0.961196 , 0.392464
1.502 , -0.963701 , 0.386487
1.503 , -0.966171 , 0.380495
1.504 , -0.968605 , 0.374489
1.505 , -0.971004 , 0.368469
1.506 , -0.973368 , 0.362436
1.507 , -0.975696 , 0.356389
1.508 , -0.977989 , 0.350329
1.509 , -0.980246 , 0.344256
1.51 , -0.982467 , 0.33817
1.511 , -0.984652 , 0.332071
1.512 , -0.986802 , 0.32596
1.513 , -0.988915 , 0.319837
1.514 , -0.990993 , 0.313702
1.515 , -0.993034 , 0.307556
1.516 , -0.99504 , 0.301398
1.517 , -0.997009 , 0.295228
1.518 , -0.998941 , 0.289048
1.519 , -1.00084 , 0.282857
1.52 , -1.0027 , 0.276655
1.521 , -1.00452 , 0.270443
1.522 , -1.00631 , 0.264221
1.523 , -1.00806 , 0.25799
1.524 , -1.00977 , 0.251748
1.525 , -1.01145 , 0.245497
1.526 , -1.01309 , 0.239237
1.527 , -1.01469 , 0.232968
1.528 , -1.01626 , 0.22669
1.529 , -1.01779 , 0.220404
1.53 , -1.01928 , 0.21411
1.531 , -1.02074 , 0.207807
1.532 , -1.02215 , 0.201497
1.533 , -1.02354 , 0.195179
1.534 , -1.02488 , 0.188854
1.535 , -1.02619 , 0.182522
1.536 , -1.02746 , 0.176183
1.537 , -1.02869 , 0.169838
1.538 , -1.02989 , 0.163485
1.539 , -1.03104 , 0.157127
1.54 , -1.03216 , 0.150763
1.541 , -1.03325 , 0.144393
1.542 , -1.03429 , 0.138018
1.543 , -1.0353 , 0.131637
1.544 , -1.03627 , 0.125252
1.545 , -1.03721 , 0.118862
1.546 , -1.0381 , 0.112467
1.547 , -1.03896 , 0.106068
1.548 , -1.03978 , 0.0996644
1.549 , -1.04056 , 0.0932574
1.55 , -1.04131 , 0.0868468
1.551 , -1.04202 , 0.0804327
1.552 , -1.04269 , 0.0740156
1.553 , -1.04332 , 0.0675955
1.554 , -1.04392 , 0.0611728
1.555 , -1.04447 , 0.0547477
1.556 , -1.04499 , 0.0483203
1.557 , -1.04548 , 0.041891
1.558 , -1.04592 , 0.0354599
1.559 , -1.04633 , 0.0290273
1.56 , -1.0467 , 0.0225934
1.561 , -1.04703 , 0.0161585
1.562 , -1.04732 , 0.00972278
1.563 , -1.04758 , 0.00328648
1.564 , -1.0478 , -0.00315018
1.565 , -1.04798 , -0.00958695
1.566 , -1.04812 , -0.0160236
1.567 , -1.04823 , -0.0224599
1.568 , -1.0483 , -0.0288957
1.569 , -1.04833 , -0.0353306
1.57 , -1.04832 , -0.0417645
1.571 , -1.04828 , -0.0481971
1.572 , -1.04819 , -0.0546283
1.573 , -1.04807 , -0.0610577
1.574 , -1.04792 , -0.0674851
1.575 , -1.04772 , -0.0739104
1.576 , -1.04749 , -0.0803333
1.577 , -1.04722 , -0.0867535
1.578 , -1.04691 , -0.0931708
1.579 , -1.04657 , -0.0995851
1.58 , -1.04619 , -0.105996
1.581 , -1.04577 , -0.112403
1.582 , -1.04531 , -0.118807
1.583 , -1.04482 , -0.125207
1.584 , -1.04429 , -0.131602
1.585 , -1.04372 , -0.137993
1.586 , -1.04311 , -0.144379
1.587 , -1.04247 , -0.15076
1.588 , -1.04179 , -0.157136
1.589 , -1.04107 , -0.163507
1.59 , -1.04032 , -0.169872
1.591 , -1.03953 , -0.176232
1.592 , -1.0387 , -0.182585
1.593 , -1.03784 , -0.188932
1.594 , -1.03694 , -0.195273
1.595 , -1.036 , -0.201607
1.596 , -1.03502 , -0.207934
1.597 , -1.03401 , -0.214254
1.598 , -1.03296 , -0.220566
1.599 , -1.03188 , -0.226871
1.6 , -1.03076 , -0.233169
1.601 , -1.0296 , -0.239458
1.602 , -1.02841 , -0.245739
1.603 , -1.02718 , -0.252011
1.604 , -1.02591 , -0.258275
1.605 , -1.02461 , -0.26453
1.606 , -1.02327 , -0.270776
1.607 , -1.02189 , -0.277012
1.608 , -1.02048 , -0.283239
1.609 , -1.01903 , -0.289456
1.61 , -1.01755 , -0.295664
1.611 , -1.01603 , -0.301861
1.612 , -1.01448 , -0.308047
1.613 , -1.01289 , -0.314224
1.614 , -1.01126 , -0.320389
1.615 , -1.0096 , -0.326543
1.616 , -1.0079 , -0.332686
1.617 , -1.00617 , -0.338818
1.618 , -1.00441 , -0.344938
1.619 , -1.0026 , -0.351046
1.62 , -1.00076 , -0.357142
1.621 , -0.998892 , -0.363226
1.622 , -0.996985 , -0.369297
1.623 , -0.995042 , -0.375356
1.624 , -0.993065 , -0.381402
1.625 , -0.991053 , -0.387434
1.626 , -0.989006 , -0.393454
1.627 , -0.986925 , -0.399459
1.628 , -0.984809 , -0.405452
1.629 , -0.982659 , -0.41143
1.63 , -0.980475 , -0.417394
1.631 , -0.978257 , -0.423344
1.632 , -0.976005 , -0.429279
1.633 , -0.973718 , -0.4352
1.634 , -0.971398 , -0.441106
1.635 , -0.969044 , -0.446997
1.636 , -0.966657 , -0.452872
1.637 , -0.964236 , -0.458732
1.638 , -0.961781 , -0.464576
1.639 , -0.959293 , -0.470405
1.64 , -0.956772 , -0.476217
1.641 , -0.954218 , -0.482013
1.642 , -0.95163 , -0.487793
1.643 , -0.94901 , -0.493556
1.644 , -0.946357 , -0.499302
1.645 , -0.943671 , -0.505031
1.646 , -0.940953 , -0.510743
1.647 , -0.938202 , -0.516438
1.648 , -0.935418 , -0.522115
1.649 , -0.932603 , -0.527774
1.65 , -0.929755 , -0.533416
1.651 , -0.926876 , -0.539039
1.652 , -0.923964 , -0.544644
1.653 , -0.921021 , -0.55023
1.654 , -0.918045 , -0.555798
1.655 , -0.915039 , -0.561347
1.656 , -0.912001 , -0.566877
1.657 , -0.908931 , -0.572388
1.658 , -0.905831 , -0.577879
1.659 , -0.902699 , -0.583351
1.66 , -0.899537 , -0.588803
1.661 , -0.896343 , -0.594235
1.662 , -0.893119 , -0.599647
1.663 , -0.889864 , -0.605038
1.664 , -0.886579 , -0.61041
1.665 , -0.883264 , -0.61576
1.666 , -0.879918 , -0.62109
1.667 , -0.876543 , -0.626399
1.668 , -0.873137 , -0.631687
1.669 , -0.869702 , -0.636953
1.67 , -0.866237 , -0.642198
1.671 , -0.862742 , -0.647422
1.672 , -0.859219 , -0.652624
1.673 , -0.855665 , -0.657803
1.674 , -0.852083 , -0.662961
1.675 , -0.848472 , -0.668096
1.676 , -0.844832 , -0.673209
1.677 , -0.841163 , -0.6783
1.678 , -0.837466 , -0.683367
1.679 , -0.83374 , -0.688412
1.68 , -0.829986 , -0.693434
1.681 , -0.826204 , -0.698432
1.682 , -0.822394 , -0.703407
1.683 , -0.818557 , -0.708359
1.684 , -0.814691 , -0.713286
1.685 , -0.810798 , -0.71819
1.686 , -0.806877 , -0.72307
1.687 , -0.80293 , -0.727926
1.688 , -0.798955 , -0.732758
1.689 , -0.794953 , -0.737565
1.69 , -0.790924 , -0.742347
1.691 , -0.786869 , -0.747105
1.692 , -0.782787 , -0.751838
1.693 , -0.778679 , -0.756546
1.694 , -0.774545 , -0.761229
1.695 , -0.770384 , -0.765886
1.696 , -0.766198 , -0.770518
1.697 , -0.761986 , -0.775124
1.698 , -0.757748 , -0.779705
1.699 , -0.753485 , -0.78426
1.7 , -0.749197 , -0.788788
1.701 , -0.744883 , -0.793291
1.702 , -0.740545 , -0.797767
1.703 , -0.736181 , -0.802217
1.704 , -0.731793 , -0.80664
1.705 , -0.727381 , -0.811037
1.706 , -0.722944 , -0.815407
1.707 , -0.718483 , -0.81975
1.708 , -0.713998 , -0.824065
1.709 , -0.70949 , -0.828354
1.71 , -0.704957 , -0.832615
1.711 , -0.700401 , -0.836849
1.712 , -0.695822 , -0.841055
1.713 , -0.691219 , -0.845234
1.714 , -0.686594 , -0.849384
1.715 , -0.681945 , -0.853507
1.716 , -0.677274 , -0.857602
1.717 , -0.672581 , -0.861668
1.718 , -0.667865 , -0.865706
1.719 , -0.663126 , -0.869716
1.72 , -0.658366 , -0.873697
1.721 , -0.653584 , -0.877649
1.722 , -0.64878 , -0.881573
1.723 , -0.643955 , -0.885467
1.724 , -0.639108 , -0.889333
1.725 , -0.63424 , -0.89317
1.726 , -0.629351 , -0.896977
1.727 , -0.624442 , -0.900755
1.728 , -0.619511 , -0.904504
1.729 , -0.61456 , -0.908222
1.73 , -0.609589 , -0.911912
1.731 , -0.604598 , -0.915571
1.732 , -0.599586 , -0.919201
1.733 , -0.594555 , -0.9228
1.734 , -0.589504 , -0.92637
1.735 , -0.584434 , -0.929909
1.736 , -0.579345 , -0.933418
1.737 , -0.574236 , -0.936897
1.738 , -0.569108 , -0.940345
1.739 , -0.563962 , -0.943762
1.74 , -0.558797 , -0.947149
1.741 , -0.553614 , -0.950505
1.742 , -0.548412 , -0.95383
1.743 , -0.543193 , -0.957124
1.744 , -0.537955 , -0.960388
1.745 , -0.5327 , -0.963619
1.746 , -0.527428 , -0.96682
1.747 , -0.522138 , -0.969989
1.748 , -0.516831 , -0.973127
1.749 , -0.511506 , -0.976234
1.75 , -0.506166 , -0.979308
1.751 , -0.500808 , -0.982351
1.752 , -0.495434 , -0.985363
1.753 , -0.490044 , -0.988342
1.754 , -0.484638 , -0.991289
1.755 , -0.479216 , -0.994205
1.756 , -0.473778 , -0.997088
1.757 , -0.468325 , -0.999939
1.758 , -0.462856 , -1.00276
1.759 , -0.457372 , -1.00554
1.76 , -0.451874 , -1.0083
1.761 , -0.44636 , -1.01102
1.762 , -0.440832 , -1.01371
1.763 , -0.435289 , -1.01637
1.764 , -0.429733 , -1.01899
1.765 , -0.424162 , -1.02158
1.766 , -0.418577 , -1.02414
1.767 , -0.412979 , -1.02666
1.768 , -0.407367 , -1.02916
1.769 , -0.401742 , -1.03161
1.77 , -0.396104 , -1.03404
1.771 , -0.390453 , -1.03643
1.772 , -0.384789 , -1.03879
1.773 , -0.379112 , -1.04112
1.774 , -0.373423 , -1.04341
1.775 , -0.367722 , -1.04567
1.776 , -0.362009 , -1.0479
1.777 , -0.356285 , -1.05009
1.778 , -0.350548 , -1.05225
1.779 , -0.3448 , -1.05437
1.78 , -0.339041 , -1.05646
1.781 , -0.333271 , -1.05852
1.782 , -0.32749 , -1.06054
1.783 , -0.321699 , -1.06253
1.784 , -0.315896 , -1.06449
1.785 , -0.310084 , -1.06641
1.786 , -0.304261 , -1.0683
1.787 , -0.298429 , -1.07015
1.788 , -0.292587 , -1.07197
1.789 , -0.286735 , -1.07376
1.79 , -0.280874 , -1.07551
1.791 , -0.275004 , -1.07723
1.792 , -0.269125 , -1.07891
1.793 , -0.263237 , -1.08056
1.794 , -0.25734 , -1.08217
1.795 , -0.251435 , -1.08375
1.796 , -0.245522 , -1.08529
1.797 , -0.239601 , -1.0868
1.798 , -0.233672 , -1.08828
1.799 , -0.227736 , -1.08972
1.8 , -0.221792 , -1.09113
1.801 , -0.21584 , -1.0925
1.802 , -0.209882 , -1.09383
1.803 , -0.203917 , -1.09514
1.804 , -0.197945 , -1.0964
1.805 , -0.191967 , -1.09764
1.806 , -0.185982 , -1.09884
1.807 , -0.179991 , -1.1
1.808 , -0.173995 , -1.10113
1.809 , -0.167992 , -1.10222
1.81 , -0.161984 , -1.10328
1.811 , -0.155971 , -1.1043
1.812 , -0.149953 , -1.10529
1.813 , -0.14393 , -1.10624
1.814 , -0.137902 , -1.10716
1.815 , -0.131869 , -1.10804
1.816 , -0.125832 , -1.10889
1.817 , -0.119791 , -1.1097
1.818 , -0.113746 , -1.11048
1.819 , -0.107697 , -1.11122
1.82 , -0.101644 , -1.11193
1.821 , -0.0955884 , -1.1126
1.822 , -0.0895293 , -1.11324
1.823 , -0.0834671 , -1.11384
1.824 , -0.0774021 , -1.11441
1.825 , -0.0713345 , -1.11494
1.826 , -0.0652644 , -1.11544
1.827 , -0.0591921 , -1.1159
1.828 , -0.0531177 , -1.11633
1.829 , -0.0470414 , -1.11672
1.83 , -0.0409635 , -1.11707
1.831 , -0.0348841 , -1.11739
1.832 , -0.0288034 , -1.11768
1.833 , -0.0227216 , -1.11793
1.834 , -0.0166388 , -1.11814
1.835 , -0.0105554 , -1.11832
1.836 , -0.00447143 , -1.11846
1.837 , 0.00161287 , -1.11857
1.838 , 0.0076973 , -1.11865
1.839 , 0.0137817 , -1.11869
1.84 , 0.0198658 , -1.11869
1.841 , 0.0259495 , -1.11866
1.842 , 0.0320326 , -1.11859
1.843 , 0.0381149 , -1.11849
1.844 , 0.0441962 , -1.11835
1.845 , 0.0502762 , -1.11817
1.846 , 0.0563549 , -1.11797
1.847 , 0.062432 , -1.11772
1.848 , 0.0685073 , -1.11744
1.849 , 0.0745806 , -1.11713
1.85 , 0.0806518 , -1.11678
1.851 , 0.0867207 , -1.1164
1.852 , 0.092787 , -1.11598
1.853 , 0.0988505 , -1.11552
1.854 , 0.104911 , -1.11503
1.855 , 0.110969 , -1.11451
1.856 , 0.117023 , -1.11395
1.857 , 0.123074 , -1.11335
1.858 , 0.129121 , -1.11272
1.859 , 0.135164 , -1.11206
1.86 , 0.141203 , -1.11136
1.861 , 0.147238 , -1.11062
1.862 , 0.153269 , -1.10985
1.863 , 0.159294 , -1.10905
1.864 , 0.165316 , -1.10821
1.865 , 0.171332 , -1.10733
1.866 , 0.177342 , -1.10643
1.867 , 0.183348 , -1.10548
1.868 , 0.189348 , -1.1045
1.869 , 0.195342 , -1.10349
1.87 , 0.20133 , -1.10244
1.871 , 0.207312 , -1.10136
1.872 , 0.213288 , -1.10024
1.873 , 0.219257 , -1.09909
1.874 , 0.22522 , -1.0979
1.875 , 0.231175 , -1.09668
1.876 , 0.237124 , -1.09543
1.877 , 0.243065 , -1.09414
1.878 , 0.248999 , -1.09281
1.879 , 0.254925 , -1.09145
1.88 , 0.260844 , -1.09006
1.881 , 0.266754 , -1.08863
1.882 , 0.272656 , -1.08717
1.883 , 0.27855 , -1.08568
1.884 , 0.284435 , -1.08415
1.885 , 0.290312 , -1.08258
1.886 , 0.29618 , -1.08099
1.887 , 0.302038 , -1.07935
1.888 , 0.307887 , -1.07769
1.889 , 0.313727 , -1.07599
1.89 , 0.319557 , -1.07426
1.891 , 0.325377 , -1.07249
1.892 , 0.331187 , -1.07069
1.893 , 0.336987 , -1.06885
1.894 , 0.342777 , -1.06698
1.895 , 0.348556 , -1.06508
1.896 , 0.354324 , -1.06315
1.897 , 0.360081 , -1.06118
1.898 , 0.365828 , -1.05918
1.899 , 0.371562 , -1.05714
1.9 , 0.377286 , -1.05507
1.901 , 0.382997 , -1.05297
1.902 , 0.388697 , -1.05084
1.903 , 0.394385 , -1.04867
1.904 , 0.400061 , -1.04647
1.905 , 0.405724 , -1.04423
1.906 , 0.411374 , -1.04197
1.907 , 0.417012 , -1.03967
1.908 , 0.422637 , -1.03733
1.909 , 0.428249 , -1.03497
1.91 , 0.433848 , -1.03257
1.911 , 0.439433 , -1.03014
1.912 , 0.445004 , -1.02768
1.913 , 0.450562 , -1.02518
1.914 , 0.456106 , -1.02265
1.915 , 0.461635 , -1.02009
1.916 , 0.46715 , -1.0175
1.917 , 0.472651 , -1.01488
1.918 , 0.478137 , -1.01222
1.919 , 0.483608 , -1.00953
1.92 , 0.489064 , -1.00681
1.921 , 0.494505 , -1.00406
1.922 , 0.49993 , -1.00128
1.923 , 0.50534 , -0.998465
1.924 , 0.510734 , -0.995619
1.925 , 0.516112 , -0.992741
1.926 , 0.521474 , -0.989832
1.927 , 0.52682 , -0.986891
1.928 , 0.532149 , -0.98392
1.929 , 0.537462 , -0.980917
1.93 , 0.542758 , -0.977883
1.931 , 0.548037 , -0.974819
1.932 , 0.553299 , -0.971723
1.933 , 0.558544 , -0.968597
1.934 , 0.563771 , -0.96544
1.935 , 0.568981 , -0.962252
1.936 , 0.574172 , -0.959034
1.937 , 0.579346 , -0.955786
1.938 , 0.584502 , -0.952508
1.939 , 0.58964 , -0.949199
1.94 , 0.594759 , -0.94586
1.941 , 0.599859 , -0.942491
1.942 , 0.604941 , -0.939093
1.943 , 0.610003 , -0.935664
1.944 , 0.615047 , -0.932206
1.945 , 0.620071 , -0.928718
1.946 , 0.625076 , -0.925201
1.947 , 0.630061 , -0.921655
1.948 , 0.635026 , -0.918079
1.949 , 0.639972 , -0.914474
1.95 , 0.644897 , -0.91084
1.951 , 0.649802 , -0.907177
1.952 , 0.654687 , -0.903485
1.953 , 0.659551 , -0.899765
1.954 , 0.664394 , -0.896015
1.955 , 0.669217 , -0.892238
1.956 , 0.674018 , -0.888432
1.957 , 0.678799 , -0.884597
1.958 , 0.683557 , -0.880735
1.959 , 0.688295 , -0.876844
1.96 , 0.69301 , -0.872926
1.961 , 0.697704 , -0.868979
1.962 , 0.702376 , -0.865005
1.963 , 0.707025 , -0.861004
1.964 , 0.711653 , -0.856974
1.965 , 0.716258 , -0.852918
1.966 , 0.72084 , -0.848834
1.967 , 0.725399 , -0.844723
1.968 , 0.729936 , -0.840586
1.969 , 0.734449 , -0.836421
1.97 , 0.738939 , -0.832229
1.971 , 0.743406 , -0.828011
1.972 , 0.74785 , -0.823767
1.973 , 0.752269 , -0.819496
1.974 , 0.756665 , -0.815199
1.975 , 0.761037 , -0.810875
1.976 , 0.765385 , -0.806526
1.977 , 0.769708 , -0.802151
1.978 , 0.774007 , -0.79775
1.979 , 0.778282 , -0.793323
1.98 , 0.782531 , -0.788871
1.981 , 0.786756 , -0.784394
1.982 , 0.790956 , -0.779892
1.983 , 0.795131 , -0.775364
1.984 , 0.79928 , -0.770812
1.985 , 0.803405 , -0.766234
1.986 , 0.807503 , -0.761633
1.987 , 0.811576 , -0.757006
1.988 , 0.815623 , -0.752355
1.989 , 0.819644 , -0.74768
1.99 , 0.823639 , -0.742981
1.991 , 0.827607 , -0.738258
1.992 , 0.83155 , -0.733511
1.993 , 0.835465 , -0.728741
1.994 , 0.839354 , -0.723947
1.995 , 0.843216 , -0.719129
1.996 , 0.847052 , -0.714288
1.997 , 0.85086 , -0.709425
1.998 , 0.854641 , -0.704538
1.999 , 0.858394 , -0.699628
2 , 0.862121 , -0.694696
