0 , -0.245728 , 1.24434
0.001 , 0.98298 , 0.00648226
0.002 , 0.98292 , 0.0129643
0.003 , 0.982819 , 0.0194457
0.004 , 0.982679 , 0.0259264
0.005 , 0.982499 , 0.032406
0.006 , 0.982278 , 0.0388843
0.007 , 0.982017 , 0.045361
0.008 , 0.981717 , 0.0518359
0.009 , 0.981376 , 0.0583086
0.01 , 0.980995 , 0.064779
0.011 , 0.980574 , 0.0712467
0.012 , 0.980113 , 0.0777115
0.013 , 0.979612 , 0.0841731
0.014 , 0.979071 , 0.0906313
0.015 , 0.978491 , 0.0970858
0.016 , 0.97787 , 0.103536
0.017 , 0.977209 , 0.109983
0.018 , 0.976509 , 0.116425
0.019 , 0.975769 , 0.122862
0.02 , 0.974989 , 0.129294
0.021 , 0.974169 , 0.135721
0.022 , 0.973309 , 0.142142
0.023 , 0.97241 , 0.148557
0.024 , 0.971471 , 0.154967
0.025 , 0.970493 , 0.16137
0.026 , 0.969475 , 0.167766
0.027 , 0.968418 , 0.174156
0.028 , 0.967321 , 0.180539
0.029 , 0.966185 , 0.186914
0.03 , 0.965009 , 0.193282
0.031 , 0.963794 , 0.199641
0.032 , 0.96254 , 0.205993
0.033 , 0.961247 , 0.212336
0.034 , 0.959914 , 0.218671
0.035 , 0.958543 , 0.224997
0.036 , 0.957132 , 0.231313
0.037 , 0.955683 , 0.23762
0.038 , 0.954195 , 0.243918
0.039 , 0.952668 , 0.250206
0.04 , 0.951102 , 0.256483
0.041 , 0.949497 , 0.26275
0.042 , 0.947854 , 0.269006
0.043 , 0.946173 , 0.275252
0.044 , 0.944453 , 0.281486
0.045 , 0.942695 , 0.287709
0.046 , 0.940898 , 0.29392
0.047 , 0.939063 , 0.300119
0.048 , 0.93719 , 0.306306
0.049 , 0.935279 , 0.31248
0.05 , 0.933331 , 0.318642
0.051 , 0.931344 , 0.324791
0.052 , 0.92932 , 0.330927
0.053 , 0.927258 , 0.33705
0.054 , 0.925158 , 0.343158
0.055 , 0.923021 , 0.349253
0.056 , 0.920846 , 0.355334
0.057 , 0.918635 , 0.3614
0.058 , 0.916386 , 0.367452
0.059 , 0.9141 , 0.373489
0.06 , 0.911777 , 0.37951
0.061 , 0.909417 , 0.385517
0.062 , 0.90702 , 0.391508
0.063 , 0.904587 , 0.397483
0.064 , 0.902117 , 0.403442
0.065 , 0.899611 , 0.409384
0.066 , 0.897068 , 0.41531
0.067 , 0.89449 , 0.42122
0.068 , 0.891875 , 0.427112
0.069 , 0.889224 , 0.432987
0.07 , 0.886537 , 0.438845
0.071 , 0.883815 , 0.444685
0.072 , 0.881057 , 0.450507
0.073 , 0.878264 , 0.456311
0.074 , 0.875435 , 0.462096
0.075 , 0.872571 , 0.467863
0.076 , 0.869672 , 0.473611
0.077 , 0.866737 , 0.47934
0.078 , 0.863769 , 0.48505
0.079 , 0.860765 , 0.490741
0.08 , 0.857727 , 0.496411
0.081 , 0.854654 , 0.502062
0.082 , 0.851547 , 0.507692
0.083 , 0.848406 , 0.513303
0.084 , 0.845231 , 0.518892
0.085 , 0.842021 , 0.524461
0.086 , 0.838779 , 0.530009
0.087 , 0.835502 , 0.535535
0.088 , 0.832192 , 0.54104
0.089 , 0.828849 , 0.546524
0.09 , 0.825473 , 0.551985
0.091 , 0.822063 , 0.557425
0.092 , 0.818621 , 0.562842
0.093 , 0.815146 , 0.568237
0.094 , 0.811639 , 0.573609
0.095 , 0.808099 , 0.578958
0.096 , 0.804527 , 0.584284
0.097 , 0.800922 , 0.589586
0.098 , 0.797286 , 0.594866
0.099 , 0.793618 , 0.600121
0.1 , 0.789919 , 0.605353
0.101 , 0.786188 , 0.61056
0.102 , 0.782425 , 0.615743
0.103 , 0.778632 , 0.620902
0.104 , 0.774807 , 0.626036
0.105 , 0.770952 , 0.631145
0.106 , 0.767066 , 0.636229
0.107 , 0.76315 , 0.641288
0.108 , 0.759204 , 0.646321
0.109 , 0.755227 , 0.651329
0.11 , 0.75122 , 0.656311
0.111 , 0.747184 , 0.661267
0.112 , 0.743118 , 0.666196
0.113 , 0.739023 , 0.671099
0.114 , 0.734898 , 0.675976
0.115 , 0.730744 , 0.680826
0.116 , 0.726561 , 0.685649
0.117 , 0.72235 , 0.690445
0.118 , 0.71811 , 0.695214
0.119 , 0.713842 , 0.699955
0.12 , 0.709546 , 0.704669
0.121 , 0.705221 , 0.709355
0.122 , 0.700869 , 0.714012
0.123 , 0.696489 , 0.718642
0.124 , 0.692082 , 0.723244
0.125 , 0.687648 , 0.727817
0.126 , 0.683186 , 0.732361
0.127 , 0.678698 , 0.736877
0.128 , 0.674183 , 0.741363
0.129 , 0.669641 , 0.745821
0.13 , 0.665074 , 0.750249
0.131 , 0.66048 , 0.754648
0.132 , 0.65586 , 0.759017
0.133 , 0.651215 , 0.763356
0.134 , 0.646544 , 0.767666
0.135 , 0.641847 , 0.771945
0.136 , 0.637126 , 0.776195
0.137 , 0.63238 , 0.780414
0.138 , 0.627609 , 0.784602
0.139 , 0.622813 , 0.78876
0.14 , 0.617993 , 0.792887
0.141 , 0.613149 , 0.796983
0.142 , 0.608281 , 0.801048
0.143 , 0.60339 , 0.805082
0.144 , 0.598475 , 0.809084
0.145 , 0.593536 , 0.813055
0.146 , 0.588575 , 0.816994
0.147 , 0.58359 , 0.820901
0.148 , 0.578583 , 0.824777
0.149 , 0.573553 , 0.82862
0.15 , 0.568502 , 0.832432
0.151 , 0.563428 , 0.836211
0.152 , 0.558332 , 0.839957
0.153 , 0.553214 , 0.843671
0.154 , 0.548076 , 0.847353
0.155 , 0.542916 , 0.851001
0.156 , 0.537734 , 0.854617
0.157 , 0.532533 , 0.858199
0.158 , 0.52731 , 0.861749
0.159 , 0.522067 , 0.865265
0.16 , 0.516804 , 0.868747
0.161 , 0.511521 , 0.872196
0.162 , 0.506219 , 0.875612
0.163 , 0.500896 , 0.878993
0.164 , 0.495555 , 0.882341
0.165 , 0.490194 , 0.885655
0.166 , 0.484815 , 0.888935
0.167 , 0.479417 , 0.89218
0.168 , 0.474 , 0.895392
0.169 , 0.468565 , 0.898569
0.17 , 0.463113 , 0.901711
0.171 , 0.457642 , 0.904819
0.172 , 0.452154 , 0.907892
0.173 , 0.446649 , 0.91093
0.174 , 0.441126 , 0.913933
0.175 , 0.435587 , 0.916902
0.176 , 0.430031 , 0.919835
0.177 , 0.424458 , 0.922733
0.178 , 0.418869 , 0.925596
0.179 , 0.413265 , 0.928423
0.18 , 0.407644 , 0.931215
0.181 , 0.402008 , 0.933972
0.182 , 0.396357 , 0.936692
0.183 , 0.39069 , 0.939378
0.184 , 0.385009 , 0.942027
0.185 , 0.379313 , 0.94464
0.186 , 0.373602 , 0.947218
0.187 , 0.367877 , 0.949759
0.188 , 0.362139 , 0.952265
0.189 , 0.356386 , 0.954734
0.19 , 0.35062 , 0.957167
0.191 , 0.344841 , 0.959563
0.192 , 0.339049 , 0.961924
0.193 , 0.333243 , 0.964247
0.194 , 0.327425 , 0.966534
0.195 , 0.321595 , 0.968785
0.196 , 0.315753 , 0.970999
0.197 , 0.309898 , 0.973176
0.198 , 0.304032 , 0.975317
0.199 , 0.298155 , 0.97742
0.2 , 0.292266 , 0.979487
0.201 , 0.286366 , 0.981516
0.202 , 0.280455 , 0.983509
0.203 , 0.274534 , 0.985465
0.204 , 0.268602 , 0.987383
0.205 , 0.262661 , 0.989264
0.206 , 0.256709 , 0.991108
0.207 , 0.250748 , 0.992915
0.208 , 0.244777 , 0.994684
0.209 , 0.238797 , 0.996416
0.21 , 0.232808 , 0.998111
0.211 , 0.226811 , 0.999768
0.212 , 0.220805 , 1.00139
0.213 , 0.21479 , 1.00297
0.214 , 0.208768 , 1.00451
0.215 , 0.202737 , 1.00602
0.216 , 0.1967 , 1.00749
0.217 , 0.190654 , 1.00892
0.218 , 0.184602 , 1.01032
0.219 , 0.178543 , 1.01167
0.22 , 0.172477 , 1.01299
0.221 , 0.166404 , 1.01427
0.222 , 0.160326 , 1.01551
0.223 , 0.154241 , 1.01672
0.224 , 0.148151 , 1.01788
0.225 , 0.142055 , 1.01901
0.226 , 0.135954 , 1.0201
0.227 , 0.129848 , 1.02115
0.228 , 0.123737 , 1.02217
0.229 , 0.117621 , 1.02315
0.23 , 0.111501 , 1.02408
0.231 , 0.105377 , 1.02499
0.232 , 0.0992489 , 1.02585
0.233 , 0.0931172 , 1.02667
0.234 , 0.0869819 , 1.02746
0.235 , 0.0808435 , 1.02821
0.236 , 0.0747021 , 1.02892
0.237 , 0.0685579 , 1.02959
0.238 , 0.0624112 , 1.03022
0.239 , 0.0562621 , 1.03082
0.24 , 0.050111 , 1.03138
0.241 , 0.043958 , 1.0319
0.242 , 0.0378034 , 1.03238
0.243 , 0.0316474 , 1.03282
0.244 , 0.0254903 , 1.03322
0.245 , 0.0193321 , 1.03359
0.246 , 0.0131733 , 1.03392
0.247 , 0.00701402 , 1.03421
0.248 , 0.000854448 , 1.03446
0.249 , -0.00530515 , 1.03468
0.25 , -0.0114646 , 1.03485
0.251 , -0.0176235 , 1.03499
0.252 , -0.0237819 , 1.03509
0.253 , -0.0299393 , 1.03515
0.254 , -0.0360957 , 1.03518
0.255 , -0.0422507 , 1.03516
0.256 , -0.0484042 , 1.03511
0.257 , -0.0545559 , 1.03502
0.258 , -0.0607056 , 1.03489
0.259 , -0.0668531 , 1.03473
0.26 , -0.0729981 , 1.03452
0.261 , -0.0791404 , 1.03428
0.262 , -0.0852799 , 1.034
0.263 , -0.0914162 , 1.03368
0.264 , -0.0975491 , 1.03333
0.265 , -0.103679 , 1.03293
0.266 , -0.109804 , 1.0325
0.267 , -0.115926 , 1.03203
0.268 , -0.122043 , 1.03152
0.269 , -0.128156 , 1.03098
0.27 , -0.134264 , 1.0304
0.271 , -0.140367 , 1.02978
0.272 , -0.146466 , 1.02912
0.273 , -0.152558 , 1.02843
0.274 , -0.158646 , 1.02769
0.275 , -0.164727 , 1.02692
0.276 , -0.170803 , 1.02612
0.277 , -0.176872 , 1.02527
0.278 , -0.182935 , 1.02439
0.279 , -0.188991 , 1.02347
0.28 , -0.19504 , 1.02251
0.281 , -0.201082 , 1.02152
0.282 , -0.207117 , 1.02049
0.283 , -0.213144 , 1.01942
0.284 , -0.219164 , 1.01831
0.285 , -0.225176 , 1.01717
0.286 , -0.231179 , 1.01599
0.287 , -0.237174 , 1.01477
0.288 , -0.24316 , 1.01352
0.289 , -0.249138 , 1.01223
0.29 , -0.255107 , 1.0109
0.291 , -0.261066 , 1.00954
0.292 , -0.267016 , 1.00814
0.293 , -0.272956 , 1.00671
0.294 , -0.278886 , 1.00523
0.295 , -0.284806 , 1.00372
0.296 , -0.290716 , 1.00218
0.297 , -0.296615 , 1.00059
0.298 , -0.302504 , 0.998977
0.299 , -0.308381 , 0.997322
0.3 , -0.314248 , 0.995632
0.301 , -0.320103 , 0.993905
0.302 , -0.325946 , 0.992142
0.303 , -0.331778 , 0.990344
0.304 , -0.337598 , 0.98851
0.305 , -0.343405 , 0.98664
0.306 , -0.3492 , 0.984734
0.307 , -0.354983 , 0.982793
0.308 , -0.360753 , 0.980816
0.309 , -0.366509 , 0.978804
0.31 , -0.372253 , 0.976757
0.311 , -0.377983 , 0.974674
0.312 , -0.383699 , 0.972557
0.313 , -0.389401 , 0.970404
0.314 , -0.39509 , 0.968216
0.315 , -0.400764 , 0.965993
0.316 , -0.406424 , 0.963735
0.317 , -0.412069 , 0.961443
0.318 , -0.417699 , 0.959116
0.319 , -0.423314 , 0.956754
0.32 , -0.428914 , 0.954358
0.321 , -0.434499 , 0.951927
0.322 , -0.440068 , 0.949463
0.323 , -0.44562 , 0.946964
0.324 , -0.451157 , 0.944431
0.325 , -0.456678 , 0.941864
0.326 , -0.462182 , 0.939263
0.327 , -0.46767 , 0.936628
0.328 , -0.473141 , 0.93396
0.329 , -0.478595 , 0.931257
0.33 , -0.484031 , 0.928522
0.331 , -0.48945 , 0.925753
0.332 , -0.494852 , 0.922951
0.333 , -0.500236 , 0.920115
0.334 , -0.505601 , 0.917247
0.335 , -0.510949 , 0.914345
0.336 , -0.516278 , 0.911411
0.337 , -0.521589 , 0.908444
0.338 , -0.526881 , 0.905444
0.339 , -0.532154 , 0.902412
0.34 , -0.537408 , 0.899347
0.341 , -0.542642 , 0.89625
0.342 , -0.547857 , 0.893121
0.343 , -0.553053 , 0.889959
0.344 , -0.558228 , 0.886766
0.345 , -0.563384 , 0.883541
0.346 , -0.568519 , 0.880284
0.347 , -0.573634 , 0.876996
0.348 , -0.578728 , 0.873676
0.349 , -0.583801 , 0.870324
0.35 , -0.588854 , 0.866942
0.351 , -0.593885 , 0.863528
0.352 , -0.598895 , 0.860083
0.353 , -0.603884 , 0.856608
0.354 , -0.608851 , 0.853101
0.355 , -0.613796 , 0.849564
0.356 , -0.618718 , 0.845997
0.357 , -0.623619 , 0.842399
0.358 , -0.628498 , 0.838771
0.359 , -0.633353 , 0.835113
0.36 , -0.638186 , 0.831424
0.361 , -0.642996 , 0.827706
0.362 , -0.647784 , 0.823959
0.363 , -0.652547 , 0.820181
0.364 , -0.657288 , 0.816375
0.365 , -0.662004 , 0.812538
0.366 , -0.666697 , 0.808673
0.367 , -0.671367 , 0.804779
0.368 , -0.676011 , 0.800856
0.369 , -0.680632 , 0.796904
0.37 , -0.685228 , 0.792923
0.371 , -0.6898 , 0.788914
0.372 , -0.694347 , 0.784877
0.373 , -0.698869 , 0.780811
0.374 , -0.703366 , 0.776718
0.375 , -0.707837 , 0.772596
0.376 , -0.712283 , 0.768447
0.377 , -0.716704 , 0.76427
0.378 , -0.721099 , 0.760066
0.379 , -0.725468 , 0.755834
0.38 , -0.729811 , 0.751575
0.381 , -0.734127 , 0.74729
0.382 , -0.738417 , 0.742977
0.383 , -0.742681 , 0.738638
0.384 , -0.746918 , 0.734272
0.385 , -0.751128 , 0.72988
0.386 , -0.755311 , 0.725461
0.387 , -0.759467 , 0.721017
0.388 , -0.763596 , 0.716546
0.389 , -0.767697 , 0.71205
0.39 , -0.771771 , 0.707528
0.391 , -0.775817 , 0.70298
0.392 , -0.779835 , 0.698408
0.393 , -0.783825 , 0.69381
0.394 , -0.787786 , 0.689187
0.395 , -0.791719 , 0.68454
0.396 , -0.795624 , 0.679868
0.397 , -0.7995 , 0.675171
0.398 , -0.803348 , 0.67045
0.399 , -0.807166 , 0.665705
0.4 , -0.810956 , 0.660936
0.401 , -0.814716 , 0.656143
0.402 , -0.818446 , 0.651326
0.403 , -0.822148 , 0.646486
0.404 , -0.825819 , 0.641623
0.405 , -0.829461 , 0.636736
0.406 , -0.833073 , 0.631827
0.407 , -0.836655 , 0.626894
0.408 , -0.840207 , 0.621939
0.409 , -0.843728 , 0.616962
0.41 , -0.847219 , 0.611962
0.411 , -0.850679 , 0.606941
0.412 , -0.854109 , 0.601897
0.413 , -0.857507 , 0.596832
0.414 , -0.860875 , 0.591745
0.415 , -0.864212 , 0.586637
0.416 , -0.867517 , 0.581507
0.417 , -0.870791 , 0.576356
0.418 , -0.874034 , 0.571185
0.419 , -0.877245 , 0.565993
0.42 , -0.880424 , 0.560781
0.421 , -0.883571 , 0.555548
0.422 , -0.886687 , 0.550295
0.423 , -0.88977 , 0.545022
0.424 , -0.892821 , 0.539729
0.425 , -0.89584 , 0.534417
0.426 , -0.898826 , 0.529086
0.427 , -0.901779 , 0.523735
0.428 , -0.9047 , 0.518365
0.429 , -0.907588 , 0.512977
0.43 , -0.910443 , 0.50757
0.431 , -0.913266 , 0.502144
0.432 , -0.916055 , 0.4967
0.433 , -0.91881 , 0.491239
0.434 , -0.921532 , 0.485759
0.435 , -0.924221 , 0.480262
0.436 , -0.926877 , 0.474747
0.437 , -0.929498 , 0.469215
0.438 , -0.932086 , 0.463666
0.439 , -0.934639 , 0.4581
0.44 , -0.937159 , 0.452517
0.441 , -0.939645 , 0.446918
0.442 , -0.942096 , 0.441303
0.443 , -0.944513 , 0.435671
0.444 , -0.946896 , 0.430024
0.445 , -0.949244 , 0.424361
0.446 , -0.951558 , 0.418682
0.447 , -0.953836 , 0.412988
0.448 , -0.95608 , 0.407279
0.449 , -0.958289 , 0.401556
0.45 , -0.960463 , 0.395817
0.451 , -0.962602 , 0.390064
0.452 , -0.964706 , 0.384297
0.453 , -0.966775 , 0.378516
0.454 , -0.968808 , 0.372721
0.455 , -0.970805 , 0.366912
0.456 , -0.972767 , 0.36109
0.457 , -0.974694 , 0.355255
0.458 , -0.976585 , 0.349406
0.459 , -0.97844 , 0.343545
0.46 , -0.980259 , 0.337672
0.461 , -0.982042 , 0.331785
0.462 , -0.983789 , 0.325887
0.463 , -0.9855 , 0.319977
0.464 , -0.987175 , 0.314055
0.465 , -0.988813 , 0.308121
0.466 , -0.990415 , 0.302176
0.467 , -0.991981 , 0.29622
0.468 , -0.99351 , 0.290253
0.469 , -0.995003 , 0.284276
0.47 , -0.996458 , 0.278287
0.471 , -0.997878 , 0.272289
0.472 , -0.99926 , 0.266281
0.473 , -1.00061 , 0.260263
0.474 , -1.00191 , 0.254235
0.475 , -1.00319 , 0.248198
0.476 , -1.00442 , 0.242151
0.477 , -1.00562 , 0.236096
0.478 , -1.00678 , 0.230032
0.479 , -1.0079 , 0.223959
0.48 , -1.00899 , 0.217879
0.481 , -1.01004 , 0.21179
0.482 , -1.01105 , 0.205693
0.483 , -1.01202 , 0.199589
0.484 , -1.01296 , 0.193477
0.485 , -1.01386 , 0.187358
0.486 , -1.01472 , 0.181232
0.487 , -1.01554 , 0.1751
0.488 , -1.01633 , 0.16896
0.489 , -1.01707 , 0.162815
0.49 , -1.01778 , 0.156664
0.491 , -1.01846 , 0.150506
0.492 , -1.01909 , 0.144344
0.493 , -1.01969 , 0.138175
0.494 , -1.02025 , 0.132002
0.495 , -1.02077 , 0.125824
0.496 , -1.02125 , 0.119641
0.497 , -1.02169 , 0.113453
0.498 , -1.0221 , 0.107262
0.499 , -1.02247 , 0.101066
0.5 , -1.0228 , 0.0948664
0.501 , -1.02309 , 0.0886634
0.502 , -1.02334 , 0.0824571
0.503 , -1.02356 , 0.0762477
0.504 , -1.02373 , 0.0700355
0.505 , -1.02387 , 0.0638206
0.506 , -1.02397 , 0.0576033
0.507 , -1.02403 , 0.0513839
0.508 , -1.02406 , 0.0451625
0.509 , -1.02404 , 0.0389395
0.51 , -1.02399 , 0.032715
0.511 , -1.02389 , 0.0264892
0.512 , -1.02376 , 0.0202625
0.513 , -1.02359 , 0.014035
0.514 , -1.02339 , 0.00780697
0.515 , -1.02314 , 0.00157864
0.516 , -1.02286 , -0.00464974
0.517 , -1.02253 , -0.0108779
0.518 , -1.02217 , -0.0171057
0.519 , -1.02177 , -0.0233329
0.52 , -1.02133 , -0.0295592
0.521 , -1.02085 , -0.0357843
0.522 , -1.02034 , -0.0420081
0.523 , -1.01978 , -0.0482303
0.524 , -1.01919 , -0.0544507
0.525 , -1.01856 , -0.060669
0.526 , -1.01789 , -0.0668851
0.527 , -1.01718 , -0.0730986
0.528 , -1.01643 , -0.0793093
0.529 , -1.01564 , -0.085517
0.53 , -1.01482 , -0.0917215
0.531 , -1.01395 , -0.0979225
0.532 , -1.01305 , -0.10412
0.533 , -1.01211 , -0.110313
0.534 , -1.01113 , -0.116502
0.535 , -1.01012 , -0.122687
0.536 , -1.00906 , -0.128867
0.537 , -1.00797 , -0.135042
0.538 , -1.00683 , -0.141212
0.539 , -1.00566 , -0.147376
0.54 , -1.00445 , -0.153535
0.541 , -1.0032 , -0.159688
0.542 , -1.00192 , -0.165835
0.543 , -1.00059 , -0.171976
0.544 , -0.99923 , -0.17811
0.545 , -0.997829 , -0.184237
0.546 , -0.99639 , -0.190357
0.547 , -0.994912 , -0.19647
0.548 , -0.993396 , -0.202576
0.549 , -0.991842 , -0.208673
0.55 , -0.990251 , -0.214763
0.551 , -0.988621 , -0.220844
0.552 , -0.986953 , -0.226917
0.553 , -0.985247 , -0.232981
0.554 , -0.983503 , -0.239036
0.555 , -0.981721 , -0.245082
0.556 , -0.979902 , -0.251118
0.557 , -0.978045 , -0.257145
0.558 , -0.97615 , -0.263162
0.559 , -0.974217 , -0.269169
0.56 , -0.972247 , -0.275165
0.561 , -0.970239 , -0.281151
0.562 , -0.968194 , -0.287126
0.563 , -0.966111 , -0.293089
0.564 , -0.963991 , -0.299042
0.565 , -0.961834 , -0.304983
0.566 , -0.959639 , -0.310912
0.567 , -0.957407 , -0.316829
0.568 , -0.955138 , -0.322733
0.569 , -0.952832 , -0.328625
0.57 , -0.950489 , -0.334505
0.571 , -0.948109 , -0.340371
0.572 , -0.945692 , -0.346224
0.573 , -0.943239 , -0.352064
0.574 , -0.940748 , -0.35789
0.575 , -0.938222 , -0.363702
0.576 , -0.935658 , -0.3695
0.577 , -0.933058 , -0.375284
0.578 , -0.930422 , -0.381053
0.579 , -0.927749 , -0.386807
0.58 , -0.925041 , -0.392546
0.581 , -0.922296 , -0.398269
0.582 , -0.919515 , -0.403977
0.583 , -0.916698 , -0.409669
0.584 , -0.913845 , -0.415346
0.585 , -0.910957 , -0.421006
0.586 , -0.908032 , -0.426649
0.587 , -0.905073 , -0.432276
0.588 , -0.902077 , -0.437886
0.589 , -0.899047 , -0.443478
0.59 , -0.895981 , -0.449054
0.591 , -0.89288 , -0.454611
0.592 , -0.889744 , -0.460151
0.593 , -0.886572 , -0.465673
0.594 , -0.883366 , -0.471176
0.595 , -0.880126 , -0.476661
0.596 , -0.87685 , -0.482127
0.597 , -0.87354 , -0.487574
0.598 , -0.870196 , -0.493002
0.599 , -0.866817 , -0.49841
0.6 , -0.863404 , -0.503799
0.601 , -0.859958 , -0.509168
0.602 , -0.856477 , -0.514516
0.603 , -0.852962 , -0.519845
0.604 , -0.849414 , -0.525153
0.605 , -0.845831 , -0.53044
0.606 , -0.842216 , -0.535706
0.607 , -0.838567 , -0.540951
0.608 , -0.834885 , -0.546174
0.609 , -0.83117 , -0.551376
0.61 , -0.827422 , -0.556556
0.611 , -0.823641 , -0.561714
0.612 , -0.819828 , -0.56685
0.613 , -0.815981 , -0.571963
0.614 , -0.812103 , -0.577054
0.615 , -0.808192 , -0.582121
0.616 , -0.804249 , -0.587165
0.617 , -0.800274 , -0.592186
0.618 , -0.796268 , -0.597184
0.619 , -0.792229 , -0.602158
0.62 , -0.788159 , -0.607107
0.621 , -0.784058 , -0.612033
0.622 , -0.779925 , -0.616934
0.623 , -0.775762 , -0.62181
0.624 , -0.771567 , -0.626662
0.625 , -0.767341 , -0.631489
0.626 , -0.763085 , -0.63629
0.627 , -0.758799 , -0.641066
0.628 , -0.754482 , -0.645817
0.629 , -0.750135 , -0.650541
0.63 , -0.745757 , -0.65524
0.631 , -0.741351 , -0.659912
0.632 , -0.736914 , -0.664558
0.633 , -0.732448 , -0.669177
0.634 , -0.727952 , -0.67377
0.635 , -0.723428 , -0.678336
0.636 , -0.718874 , -0.682874
0.637 , -0.714291 , -0.687385
0.638 , -0.70968 , -0.691868
0.639 , -0.705041 , -0.696324
0.64 , -0.700373 , -0.700751
0.641 , -0.695676 , -0.705151
0.642 , -0.690952 , -0.709522
0.643 , -0.6862 , -0.713864
0.644 , -0.681421 , -0.718178
0.645 , -0.676614 , -0.722463
0.646 , -0.67178 , -0.726719
0.647 , -0.666919 , -0.730946
0.648 , -0.662031 , -0.735143
0.649 , -0.657116 , -0.73931
0.65 , -0.652175 , -0.743448
0.651 , -0.647207 , -0.747556
0.652 , -0.642214 , -0.751634
0.653 , -0.637194 , -0.755681
0.654 , -0.632149 , -0.759698
0.655 , -0.627078 , -0.763684
0.656 , -0.621982 , -0.767639
0.657 , -0.616861 , -0.771563
0.658 , -0.611715 , -0.775456
0.659 , -0.606544 , -0.779318
0.66 , -0.601349 , -0.783148
0.661 , -0.596129 , -0.786947
0.662 , -0.590885 , -0.790714
0.663 , -0.585617 , -0.794448
0.664 , -0.580326 , -0.798151
0.665 , -0.575011 , -0.801821
0.666 , -0.569673 , -0.805459
0.667 , -0.564311 , -0.809064
0.668 , -0.558927 , -0.812636
0.669 , -0.55352 , -0.816175
0.67 , -0.548091 , -0.819682
0.671 , -0.542639 , -0.823155
0.672 , -0.537166 , -0.826594
0.673 , -0.53167 , -0.83
0.674 , -0.526153 , -0.833373
0.675 , -0.520615 , -0.836711
0.676 , -0.515056 , -0.840016
0.677 , -0.509475 , -0.843286
0.678 , -0.503874 , -0.846523
0.679 , -0.498253 , -0.849724
0.68 , -0.492611 , -0.852892
0.681 , -0.486949 , -0.856024
0.682 , -0.481268 , -0.859122
0.683 , -0.475566 , -0.862185
0.684 , -0.469846 , -0.865213
0.685 , -0.464106 , -0.868205
0.686 , -0.458348 , -0.871162
0.687 , -0.45257 , -0.874084
0.688 , -0.446775 , -0.87697
0.689 , -0.440961 , -0.879821
0.69 , -0.435129 , -0.882636
0.691 , -0.42928 , -0.885414
0.692 , -0.423413 , -0.888157
0.693 , -0.417529 , -0.890864
0.694 , -0.411627 , -0.893534
0.695 , -0.405709 , -0.896168
0.696 , -0.399775 , -0.898765
0.697 , -0.393824 , -0.901325
0.698 , -0.387857 , -0.903849
0.699 , -0.381875 , -0.906336
0.7 , -0.375876 , -0.908786
0.701 , -0.369863 , -0.9112
0.702 , -0.363834 , -0.913575
0.703 , -0.357791 , -0.915914
0.704 , -0.351733 , -0.918215
0.705 , -0.34566 , -0.920479
0.706 , -0.339574 , -0.922705
0.707 , -0.333473 , -0.924894
0.708 , -0.327359 , -0.927045
0.709 , -0.321232 , -0.929158
0.71 , -0.315091 , -0.931233
0.711 , -0.308938 , -0.93327
0.712 , -0.302772 , -0.935269
0.713 , -0.296594 , -0.93723
0.714 , -0.290403 , -0.939153
0.715 , -0.284201 , -0.941037
0.716 , -0.277987 , -0.942883
0.717 , -0.271762 , -0.944691
0.718 , -0.265526 , -0.94646
0.719 , -0.259279 , -0.94819
0.72 , -0.253021 , -0.949881
0.721 , -0.246753 , -0.951534
0.722 , -0.240475 , -0.953148
0.723 , -0.234187 , -0.954723
0.724 , -0.22789 , -0.956259
0.725 , -0.221583 , -0.957756
0.726 , -0.215267 , -0.959214
0.727 , -0.208943 , -0.960633
0.728 , -0.20261 , -0.962013
0.729 , -0.196268 , -0.963353
0.73 , -0.189919 , -0.964655
0.731 , -0.183562 , -0.965916
0.732 , -0.177197 , -0.967139
0.733 , -0.170825 , -0.968321
0.734 , -0.164446 , -0.969465
0.735 , -0.158061 , -0.970569
0.736 , -0.151669 , -0.971633
0.737 , -0.145271 , -0.972658
0.738 , -0.138867 , -0.973643
0.739 , -0.132457 , -0.974588
0.74 , -0.126042 , -0.975493
0.741 , -0.119622 , -0.976359
0.742 , -0.113196 , -0.977185
0.743 , -0.106767 , -0.977971
0.744 , -0.100333 , -0.978718
0.745 , -0.0938943 , -0.979424
0.746 , -0.0874523 , -0.980091
0.747 , -0.0810067 , -0.980717
0.748 , -0.0745578 , -0.981304
0.749 , -0.0681059 , -0.981851
0.75 , -0.0616512 , -0.982358
0.751 , -0.055194 , -0.982824
0.752 , -0.0487346 , -0.983251
0.753 , -0.0422731 , -0.983638
0.754 , -0.03581 , -0.983985
0.755 , -0.0293454 , -0.984291
0.756 , -0.0228796 , -0.984558
0.757 , -0.0164128 , -0.984785
0.758 , -0.00994544 , -0.984971
0.759 , -0.00347764 , -0.985118
0.76 , 0.00299031 , -0.985225
0.761 , 0.00945813 , -0.985291
0.762 , 0.0159256 , -0.985318
0.763 , 0.0223924 , -0.985304
0.764 , 0.0288582 , -0.985251
0.765 , 0.035323 , -0.985157
0.766 , 0.0417862 , -0.985024
0.767 , 0.0482478 , -0.98485
0.768 , 0.0547075 , -0.984637
0.769 , 0.0611649 , -0.984384
0.77 , 0.0676198 , -0.98409
0.771 , 0.074072 , -0.983757
0.772 , 0.0805212 , -0.983384
0.773 , 0.0869671 , -0.982971
0.774 , 0.0934095 , -0.982519
0.775 , 0.0998481 , -0.982026
0.776 , 0.106283 , -0.981494
0.777 , 0.112713 , -0.980922
0.778 , 0.119139 , -0.980311
0.779 , 0.12556 , -0.97966
0.78 , 0.131975 , -0.978969
0.781 , 0.138386 , -0.978239
0.782 , 0.144791 , -0.977469
0.783 , 0.15119 , -0.976659
0.784 , 0.157583 , -0.975811
0.785 , 0.163969 , -0.974922
0.786 , 0.170349 , -0.973995
0.787 , 0.176722 , -0.973028
0.788 , 0.183088 , -0.972022
0.789 , 0.189447 , -0.970977
0.79 , 0.195798 , -0.969893
0.791 , 0.202141 , -0.968769
0.792 , 0.208476 , -0.967607
0.793 , 0.214803 , -0.966405
0.794 , 0.22112 , -0.965165
0.795 , 0.227429 , -0.963886
0.796 , 0.233729 , -0.962568
0.797 , 0.24002 , -0.961212
0.798 , 0.246301 , -0.959816
0.799 , 0.252572 , -0.958383
0.8 , 0.258832 , -0.956911
0.801 , 0.265083 , -0.9554
0.802 , 0.271323 , -0.953851
0.803 , 0.277551 , -0.952264
0.804 , 0.283769 , -0.950639
0.805 , 0.289976 , -0.948975
0.806 , 0.29617 , -0.947274
0.807 , 0.302353 , -0.945535
0.808 , 0.308524 , -0.943757
0.809 , 0.314683 , -0.941942
0.81 , 0.320828 , -0.94009
0.811 , 0.326962 , -0.9382
0.812 , 0.333082 , -0.936272
0.813 , 0.339188 , -0.934307
0.814 , 0.345281 , -0.932305
0.815 , 0.351361 , -0.930265
0.816 , 0.357426 , -0.928189
0.817 , 0.363477 , -0.926075
0.818 , 0.369514 , -0.923924
0.819 , 0.375536 , -0.921737
0.82 , 0.381543 , -0.919513
0.821 , 0.387535 , -0.917252
0.822 , 0.393511 , -0.914955
0.823 , 0.399472 , -0.912622
0.824 , 0.405417 , -0.910252
0.825 , 0.411345 , -0.907846
0.826 , 0.417258 , -0.905404
0.827 , 0.423154 , -0.902926
0.828 , 0.429033 , -0.900413
0.829 , 0.434895 , -0.897863
0.83 , 0.44074 , -0.895278
0.831 , 0.446567 , -0.892658
0.832 , 0.452377 , -0.890002
0.833 , 0.458169 , -0.887311
0.834 , 0.463943 , -0.884585
0.835 , 0.469698 , -0.881824
0.836 , 0.475435 , -0.879029
0.837 , 0.481153 , -0.876198
0.838 , 0.486852 , -0.873333
0.839 , 0.492532 , -0.870433
0.84 , 0.498192 , -0.867499
0.841 , 0.503833 , -0.864531
0.842 , 0.509454 , -0.861529
0.843 , 0.515055 , -0.858493
0.844 , 0.520635 , -0.855423
0.845 , 0.526196 , -0.85232
0.846 , 0.531735 , -0.849183
0.847 , 0.537254 , -0.846013
0.848 , 0.542751 , -0.842809
0.849 , 0.548227 , -0.839573
0.85 , 0.553682 , -0.836303
0.851 , 0.559115 , -0.833001
0.852 , 0.564526 , -0.829666
0.853 , 0.569915 , -0.826298
0.854 , 0.575282 , -0.822898
0.855 , 0.580626 , -0.819466
0.856 , 0.585947 , -0.816002
0.857 , 0.591246 , -0.812506
0.858 , 0.596521 , -0.808979
0.859 , 0.601773 , -0.80542
0.86 , 0.607002 , -0.801829
0.861 , 0.612207 , -0.798207
0.862 , 0.617388 , -0.794554
0.863 , 0.622546 , -0.79087
0.864 , 0.627678 , -0.787155
0.865 , 0.632787 , -0.78341
0.866 , 0.637871 , -0.779634
0.867 , 0.64293 , -0.775828
0.868 , 0.647964 , -0.771992
0.869 , 0.652973 , -0.768125
0.87 , 0.657957 , -0.764229
0.871 , 0.662915 , -0.760304
0.872 , 0.667847 , -0.756348
0.873 , 0.672754 , -0.752364
0.874 , 0.677634 , -0.74835
0.875 , 0.682488 , -0.744308
0.876 , 0.687316 , -0.740236
0.877 , 0.692117 , -0.736137
0.878 , 0.696892 , -0.732008
0.879 , 0.70164 , -0.727852
0.88 , 0.70636 , -0.723667
0.881 , 0.711054 , -0.719454
0.882 , 0.71572 , -0.715214
0.883 , 0.720358 , -0.710946
0.884 , 0.724969 , -0.706651
0.885 , 0.729551 , -0.702328
0.886 , 0.734106 , -0.697979
0.887 , 0.738633 , -0.693602
0.888 , 0.743131 , -0.689199
0.889 , 0.7476 , -0.68477
0.89 , 0.752041 , -0.680314
0.891 , 0.756453 , -0.675833
0.892 , 0.760836 , -0.671325
0.893 , 0.76519 , -0.666792
0.894 , 0.769515 , -0.662233
0.895 , 0.77381 , -0.657648
0.896 , 0.778076 , -0.653039
0.897 , 0.782312 , -0.648405
0.898 , 0.786518 , -0.643746
0.899 , 0.790693 , -0.639062
0.9 , 0.794839 , -0.634354
0.901 , 0.798955 , -0.629621
0.902 , 0.80304 , -0.624865
0.903 , 0.807094 , -0.620085
0.904 , 0.811118 , -0.615281
0.905 , 0.815111 , -0.610454
0.906 , 0.819073 , -0.605604
0.907 , 0.823003 , -0.600731
0.908 , 0.826903 , -0.595835
0.909 , 0.830771 , -0.590916
0.91 , 0.834607 , -0.585975
0.911 , 0.838412 , -0.581011
0.912 , 0.842185 , -0.576026
0.913 , 0.845927 , -0.571019
0.914 , 0.849636 , -0.56599
0.915 , 0.853313 , -0.560939
0.916 , 0.856958 , -0.555868
0.917 , 0.86057 , -0.550776
0.918 , 0.86415 , -0.545662
0.919 , 0.867697 , -0.540528
0.92 , 0.871212 , -0.535374
0.921 , 0.874693 , -0.530199
0.922 , 0.878142 , -0.525005
0.923 , 0.881558 , -0.519791
0.924 , 0.88494 , -0.514557
0.925 , 0.888289 , -0.509304
0.926 , 0.891605 , -0.504031
0.927 , 0.894887 , -0.49874
0.928 , 0.898135 , -0.49343
0.929 , 0.90135 , -0.488101
0.93 , 0.904531 , -0.482755
0.931 , 0.907678 , -0.47739
0.932 , 0.910791 , -0.472007
0.933 , 0.91387 , -0.466606
0.934 , 0.916915 , -0.461188
0.935 , 0.919925 , -0.455753
0.936 , 0.922901 , -0.4503
0.937 , 0.925842 , -0.444831
0.938 , 0.928749 , -0.439345
0.939 , 0.931621 , -0.433843
0.94 , 0.934458 , -0.428324
0.941 , 0.937261 , -0.42279
0.942 , 0.940028 , -0.41724
0.943 , 0.942761 , -0.411674
0.944 , 0.945458 , -0.406093
0.945 , 0.94812 , -0.400497
0.946 , 0.950747 , -0.394885
0.947 , 0.953338 , -0.38926
0.948 , 0.955894 , -0.383619
0.949 , 0.958415 , -0.377965
0.95 , 0.960899 , -0.372296
0.951 , 0.963348 , -0.366614
0.952 , 0.965762 , -0.360918
0.953 , 0.968139 , -0.355208
0.954 , 0.970481 , -0.349485
0.955 , 0.972787 , -0.34375
0.956 , 0.975056 , -0.338002
0.957 , 0.97729 , -0.332241
0.958 , 0.979487 , -0.326468
0.959 , 0.981648 , -0.320682
0.96 , 0.983773 , -0.314885
0.961 , 0.985861 , -0.309077
0.962 , 0.987913 , -0.303256
0.963 , 0.989929 , -0.297425
0.964 , 0.991908 , -0.291583
0.965 , 0.99385 , -0.28573
0.966 , 0.995756 , -0.279866
0.967 , 0.997625 , -0.273992
0.968 , 0.999457 , -0.268108
0.969 , 1.00125 , -0.262214
0.97 , 1.00301 , -0.256311
0.971 , 1.00473 , -0.250398
0.972 , 1.00642 , -0.244476
0.973 , 1.00807 , -0.238545
0.974 , 1.00968 , -0.232605
0.975 , 1.01125 , -0.226656
0.976 , 1.01279 , -0.220699
0.977 , 1.01429 , -0.214734
0.978 , 1.01575 , -0.208762
0.979 , 1.01717 , -0.202781
0.98 , 1.01856 , -0.196793
0.981 , 1.01991 , -0.190798
0.982 , 1.02122 , -0.184796
0.983 , 1.0225 , -0.178787
0.984 , 1.02374 , -0.172772
0.985 , 1.02494 , -0.16675
0.986 , 1.0261 , -0.160722
0.987 , 1.02723 , -0.154689
0.988 , 1.02831 , -0.148649
0.989 , 1.02936 , -0.142605
0.99 , 1.03038 , -0.136555
0.991 , 1.03135 , -0.1305
0.992 , 1.03229 , -0.12444
0.993 , 1.03319 , -0.118376
0.994 , 1.03405 , -0.112307
0.995 , 1.03488 , -0.106235
0.996 , 1.03566 , -0.100158
0.997 , 1.03641 , -0.0940779
0.998 , 1.03712 , -0.0879943
0.999 , 1.0378 , -0.0819075
1 , 1.03843 , -0.0758177
1.001 , 1.03903 , -0.0697252
1.002 , 1.03959 , -0.0636301
1.003 , 1.04012 , -0.0575327
1.004 , 1.0406 , -0.0514332
1.005 , 1.04105 , -0.0453318
1.006 , 1.04146 , -0.0392288
1.007 , 1.04183 , -0.0331244
1.008 , 1.04216 , -0.0270188
1.009 , 1.04246 , -0.0209122
1.01 , 1.04271 , -0.0148048
1.011 , 1.04293 , -0.00869689
1.012 , 1.04312 , -0.00258867
1.013 , 1.04326 , 0.00351965
1.014 , 1.04337 , 0.00962783
1.015 , 1.04344 , 0.0157357
1.016 , 1.04347 , 0.0218429
1.017 , 1.04346 , 0.0279494
1.018 , 1.04342 , 0.0340549
1.019 , 1.04333 , 0.0401591
1.02 , 1.04321 , 0.0462619
1.021 , 1.04306 , 0.052363
1.022 , 1.04286 , 0.0584622
1.023 , 1.04263 , 0.0645593
1.024 , 1.04236 , 0.0706541
1.025 , 1.04205 , 0.0767463
1.026 , 1.0417 , 0.0828358
1.027 , 1.04132 , 0.0889222
1.028 , 1.0409 , 0.0950054
1.029 , 1.04044 , 0.101085
1.03 , 1.03994 , 0.107161
1.031 , 1.03941 , 0.113234
1.032 , 1.03884 , 0.119302
1.033 , 1.03823 , 0.125366
1.034 , 1.03758 , 0.131425
1.035 , 1.0369 , 0.13748
1.036 , 1.03618 , 0.14353
1.037 , 1.03542 , 0.149574
1.038 , 1.03462 , 0.155613
1.039 , 1.03379 , 0.161647
1.04 , 1.03292 , 0.167674
1.041 , 1.03201 , 0.173696
1.042 , 1.03107 , 0.179712
1.043 , 1.03009 , 0.18572
1.044 , 1.02907 , 0.191723
1.045 , 1.02801 , 0.197718
1.046 , 1.02692 , 0.203706
1.047 , 1.02579 , 0.209687
1.048 , 1.02462 , 0.215661
1.049 , 1.02342 , 0.221626
1.05 , 1.02218 , 0.227584
1.051 , 1.0209 , 0.233533
1.052 , 1.01959 , 0.239474
1.053 , 1.01824 , 0.245407
1.054 , 1.01685 , 0.25133
1.055 , 1.01543 , 0.257245
1.056 , 1.01397 , 0.26315
1.057 , 1.01247 , 0.269046
1.058 , 1.01094 , 0.274932
1.059 , 1.00937 , 0.280809
1.06 , 1.00776 , 0.286675
1.061 , 1.00612 , 0.292531
1.062 , 1.00444 , 0.298376
1.063 , 1.00273 , 0.304211
1.064 , 1.00098 , 0.310035
1.065 , 0.999191 , 0.315848
1.066 , 0.997369 , 0.321649
1.067 , 0.995512 , 0.327439
1.068 , 0.993618 , 0.333217
1.069 , 0.991689 , 0.338983
1.07 , 0.989725 , 0.344737
1.071 , 0.987724 , 0.350478
1.072 , 0.985689 , 0.356207
1.073 , 0.983618 , 0.361923
1.074 , 0.981511 , 0.367626
1.075 , 0.97937 , 0.373316
1.076 , 0.977193 , 0.378993
1.077 , 0.974981 , 0.384656
1.078 , 0.972734 , 0.390305
1.079 , 0.970452 , 0.39594
1.08 , 0.968136 , 0.401561
1.081 , 0.965784 , 0.407168
1.082 , 0.963398 , 0.412759
1.083 , 0.960978 , 0.418336
1.084 , 0.958523 , 0.423898
1.085 , 0.956033 , 0.429445
1.086 , 0.953509 , 0.434977
1.087 , 0.950951 , 0.440492
1.088 , 0.948359 , 0.445992
1.089 , 0.945732 , 0.451476
1.09 , 0.943072 , 0.456944
1.091 , 0.940378 , 0.462395
1.092 , 0.93765 , 0.46783
1.093 , 0.934889 , 0.473248
1.094 , 0.932093 , 0.478649
1.095 , 0.929265 , 0.484033
1.096 , 0.926403 , 0.489399
1.097 , 0.923507 , 0.494748
1.098 , 0.920579 , 0.500079
1.099 , 0.917617 , 0.505392
1.1 , 0.914623 , 0.510687
1.101 , 0.911596 , 0.515963
1.102 , 0.908535 , 0.521221
1.103 , 0.905443 , 0.52646
1.104 , 0.902317 , 0.531681
1.105 , 0.899159 , 0.536882
1.106 , 0.895969 , 0.542064
1.107 , 0.892747 , 0.547226
1.108 , 0.889492 , 0.552369
1.109 , 0.886206 , 0.557492
1.11 , 0.882887 , 0.562594
1.111 , 0.879537 , 0.567677
1.112 , 0.876156 , 0.572739
1.113 , 0.872742 , 0.57778
1.114 , 0.869298 , 0.582801
1.115 , 0.865822 , 0.587801
1.116 , 0.862314 , 0.592779
1.117 , 0.858776 , 0.597737
1.118 , 0.855207 , 0.602672
1.119 , 0.851607 , 0.607586
1.12 , 0.847976 , 0.612478
1.121 , 0.844315 , 0.617348
1.122 , 0.840623 , 0.622196
1.123 , 0.836901 , 0.627021
1.124 , 0.833149 , 0.631824
1.125 , 0.829367 , 0.636604
1.126 , 0.825555 , 0.641361
1.127 , 0.821713 , 0.646094
1.128 , 0.817841 , 0.650805
1.129 , 0.81394 , 0.655492
1.13 , 0.810009 , 0.660155
1.131 , 0.80605 , 0.664794
1.132 , 0.802061 , 0.66941
1.133 , 0.798043 , 0.674001
1.134 , 0.793996 , 0.678568
1.135 , 0.789921 , 0.68311
1.136 , 0.785817 , 0.687628
1.137 , 0.781684 , 0.692121
1.138 , 0.777524 , 0.696589
1.139 , 0.773335 , 0.701031
1.14 , 0.769118 , 0.705448
1.141 , 0.764873 , 0.70984
1.142 , 0.760601 , 0.714206
1.143 , 0.756301 , 0.718546
1.144 , 0.751974 , 0.72286
1.145 , 0.747619 , 0.727148
1.146 , 0.743237 , 0.731409
1.147 , 0.738829 , 0.735644
1.148 , 0.734393 , 0.739852
1.149 , 0.729931 , 0.744033
1.15 , 0.725443 , 0.748188
1.151 , 0.720928 , 0.752315
1.152 , 0.716386 , 0.756415
1.153 , 0.711819 , 0.760487
1.154 , 0.707226 , 0.764532
1.155 , 0.702608 , 0.768549
1.156 , 0.697963 , 0.772538
1.157 , 0.693294 , 0.776499
1.158 , 0.688599 , 0.780431
1.159 , 0.683879 , 0.784336
1.16 , 0.679134 , 0.788211
1.161 , 0.674364 , 0.792058
1.162 , 0.66957 , 0.795876
1.163 , 0.664751 , 0.799665
1.164 , 0.659908 , 0.803425
1.165 , 0.655041 , 0.807156
1.166 , 0.650151 , 0.810857
1.167 , 0.645236 , 0.814528
1.168 , 0.640298 , 0.81817
1.169 , 0.635336 , 0.821782
1.17 , 0.630352 , 0.825364
1.171 , 0.625344 , 0.828916
1.172 , 0.620313 , 0.832437
1.173 , 0.61526 , 0.835928
1.174 , 0.610184 , 0.839388
1.175 , 0.605086 , 0.842818
1.176 , 0.599965 , 0.846216
1.177 , 0.594823 , 0.849584
1.178 , 0.589658 , 0.85292
1.179 , 0.584473 , 0.856226
1.18 , 0.579265 , 0.859499
1.181 , 0.574037 , 0.862742
1.182 , 0.568787 , 0.865952
1.183 , 0.563517 , 0.869131
1.184 , 0.558225 , 0.872278
1.185 , 0.552914 , 0.875392
1.186 , 0.547581 , 0.878475
1.187 , 0.542229 , 0.881525
1.188 , 0.536857 , 0.884543
1.189 , 0.531465 , 0.887528
1.19 , 0.526053 , 0.89048
1.191 , 0.520622 , 0.8934
1.192 , 0.515172 , 0.896287
1.193 , 0.509703 , 0.89914
1.194 , 0.504215 , 0.901961
1.195 , 0.498708 , 0.904748
1.196 , 0.493183 , 0.907501
1.197 , 0.48764 , 0.910222
1.198 , 0.482079 , 0.912908
1.199 , 0.476499 , 0.915561
1.2 , 0.470903 , 0.918179
1.201 , 0.465288 , 0.920764
1.202 , 0.459657 , 0.923315
1.203 , 0.454008 , 0.925831
1.204 , 0.448343 , 0.928313
1.205 , 0.442661 , 0.930761
1.206 , 0.436963 , 0.933174
1.207 , 0.431248 , 0.935552
1.208 , 0.425517 , 0.937896
1.209 , 0.419771 , 0.940205
1.21 , 0.414009 , 0.942479
1.211 , 0.408231 , 0.944717
1.212 , 0.402438 , 0.946921
1.213 , 0.396631 , 0.949089
1.214 , 0.390808 , 0.951222
1.215 , 0.384971 , 0.95332
1.216 , 0.37912 , 0.955382
1.217 , 0.373254 , 0.957408
1.218 , 0.367374 , 0.959398
1.219 , 0.361481 , 0.961353
1.22 , 0.355574 , 0.963271
1.221 , 0.349654 , 0.965154
1.222 , 0.343721 , 0.967001
1.223 , 0.337775 , 0.968811
1.224 , 0.331816 , 0.970585
1.225 , 0.325845 , 0.972322
1.226 , 0.319862 , 0.974024
1.227 , 0.313867 , 0.975688
1.228 , 0.307859 , 0.977316
1.229 , 0.301841 , 0.978908
1.23 , 0.295811 , 0.980462
1.231 , 0.289769 , 0.98198
1.232 , 0.283717 , 0.98346
1.233 , 0.277655 , 0.984904
1.234 , 0.271581 , 0.986311
1.235 , 0.265498 , 0.98768
1.236 , 0.259405 , 0.989012
1.237 , 0.253301 , 0.990307
1.238 , 0.247189 , 0.991564
1.239 , 0.241066 , 0.992784
1.24 , 0.234935 , 0.993967
1.241 , 0.228795 , 0.995112
1.242 , 0.222646 , 0.996219
1.243 , 0.216489 , 0.997289
1.244 , 0.210324 , 0.998321
1.245 , 0.20415 , 0.999315
1.246 , 0.197969 , 1.00027
1.247 , 0.191781 , 1.00119
1.248 , 0.185585 , 1.00207
1.249 , 0.179382 , 1.00291
1.25 , 0.173172 , 1.00372
1.251 , 0.166956 , 1.00448
1.252 , 0.160733 , 1.00521
1.253 , 0.154504 , 1.0059
1.254 , 0.14827 , 1.00655
1.255 , 0.142029 , 1.00716
1.256 , 0.135783 , 1.00774
1.257 , 0.129533 , 1.00827
1.258 , 0.123277 , 1.00877
1.259 , 0.117016 , 1.00923
1.26 , 0.110751 , 1.00965
1.261 , 0.104482 , 1.01003
1.262 , 0.0982085 , 1.01037
1.263 , 0.0919315 , 1.01068
1.264 , 0.0856509 , 1.01094
1.265 , 0.0793671 , 1.01117
1.266 , 0.0730802 , 1.01136
1.267 , 0.0667905 , 1.01151
1.268 , 0.0604983 , 1.01162
1.269 , 0.0542037 , 1.01169
1.27 , 0.0479071 , 1.01173
1.271 , 0.0416086 , 1.01172
1.272 , 0.0353085 , 1.01167
1.273 , 0.029007 , 1.01159
1.274 , 0.0227044 , 1.01147
1.275 , 0.016401 , 1.01131
1.276 , 0.0100969 , 1.01111
1.277 , 0.00379247 , 1.01087
1.278 , -0.00251215 , 1.01059
1.279 , -0.00881666 , 1.01027
1.28 , -0.0151208 , 1.00991
1.281 , -0.0214244 , 1.00952
1.282 , -0.0277272 , 1.00908
1.283 , -0.0340289 , 1.00861
1.284 , -0.0403292 , 1.0081
1.285 , -0.046628 , 1.00754
1.286 , -0.052925 , 1.00695
1.287 , -0.05922 , 1.00632
1.288 , -0.0655126 , 1.00565
1.289 , -0.0718027 , 1.00495
1.29 , -0.0780901 , 1.0042
1.291 , -0.0843743 , 1.00341
1.292 , -0.0906553 , 1.00259
1.293 , -0.0969328 , 1.00172
1.294 , -0.103207 , 1.00082
1.295 , -0.109476 , 0.999876
1.296 , -0.115742 , 0.998895
1.297 , -0.122002 , 0.997875
1.298 , -0.128259 , 0.996816
1.299 , -0.13451 , 0.995718
1.3 , -0.140756 , 0.994581
1.301 , -0.146996 , 0.993405
1.302 , -0.153231 , 0.99219
1.303 , -0.159459 , 0.990936
1.304 , -0.165682 , 0.989644
1.305 , -0.171898 , 0.988313
1.306 , -0.178107 , 0.986943
1.307 , -0.184309 , 0.985535
1.308 , -0.190504 , 0.984088
1.309 , -0.196691 , 0.982602
1.31 , -0.202871 , 0.981077
1.311 , -0.209043 , 0.979514
1.312 , -0.215206 , 0.977913
1.313 , -0.221361 , 0.976273
1.314 , -0.227508 , 0.974595
1.315 , -0.233645 , 0.972878
1.316 , -0.239773 , 0.971123
1.317 , -0.245892 , 0.96933
1.318 , -0.252001 , 0.967498
1.319 , -0.2581 , 0.965628
1.32 , -0.264189 , 0.963721
1.321 , -0.270268 , 0.961775
1.322 , -0.276336 , 0.959791
1.323 , -0.282393 , 0.957769
1.324 , -0.288438 , 0.955709
1.325 , -0.294473 , 0.953612
1.326 , -0.300495 , 0.951476
1.327 , -0.306506 , 0.949303
1.328 , -0.312505 , 0.947093
1.329 , -0.318491 , 0.944845
1.33 , -0.324464 , 0.942559
1.331 , -0.330425 , 0.940236
1.332 , -0.336373 , 0.937876
1.333 , -0.342307 , 0.935478
1.334 , -0.348228 , 0.933043
1.335 , -0.354134 , 0.930571
1.336 , -0.360027 , 0.928062
1.337 , -0.365905 , 0.925517
1.338 , -0.371769 , 0.922934
1.339 , -0.377618 , 0.920314
1.34 , -0.383452 , 0.917658
1.341 , -0.389271 , 0.914965
1.342 , -0.395074 , 0.912236
1.343 , -0.400861 , 0.909471
1.344 , -0.406633 , 0.906669
1.345 , -0.412388 , 0.903831
1.346 , -0.418126 , 0.900956
1.347 , -0.423848 , 0.898046
1.348 , -0.429553 , 0.8951
1.349 , -0.435241 , 0.892118
1.35 , -0.440911 , 0.8891
1.351 , -0.446564 , 0.886047
1.352 , -0.452199 , 0.882958
1.353 , -0.457815 , 0.879834
1.354 , -0.463414 , 0.876674
1.355 , -0.468994 , 0.87348
1.356 , -0.474555 , 0.87025
1.357 , -0.480096 , 0.866985
1.358 , -0.485619 , 0.863686
1.359 , -0.491122 , 0.860352
1.36 , -0.496606 , 0.856983
1.361 , -0.502069 , 0.85358
1.362 , -0.507512 , 0.850143
1.363 , -0.512935 , 0.846671
1.364 , -0.518337 , 0.843165
1.365 , -0.523718 , 0.839626
1.366 , -0.529079 , 0.836052
1.367 , -0.534417 , 0.832445
1.368 , -0.539735 , 0.828804
1.369 , -0.54503 , 0.82513
1.37 , -0.550304 , 0.821423
1.371 , -0.555555 , 0.817682
1.372 , -0.560784 , 0.813909
1.373 , -0.565991 , 0.810102
1.374 , -0.571174 , 0.806263
1.375 , -0.576335 , 0.802391
1.376 , -0.581472 , 0.798487
1.377 , -0.586586 , 0.794551
1.378 , -0.591675 , 0.790583
1.379 , -0.596741 , 0.786582
1.38 , -0.601783 , 0.78255
1.381 , -0.606801 , 0.778486
1.382 , -0.611794 , 0.77439
1.383 , -0.616762 , 0.770264
1.384 , -0.621705 , 0.766106
1.385 , -0.626623 , 0.761916
1.386 , -0.631516 , 0.757697
1.387 , -0.636383 , 0.753446
1.388 , -0.641224 , 0.749165
1.389 , -0.646039 , 0.744853
1.39 , -0.650828 , 0.740511
1.391 , -0.655591 , 0.73614
1.392 , -0.660327 , 0.731738
1.393 , -0.665036 , 0.727306
1.394 , -0.669718 , 0.722845
1.395 , -0.674373 , 0.718355
1.396 , -0.679001 , 0.713836
1.397 , -0.6836 , 0.709287
1.398 , -0.688173 , 0.70471
1.399 , -0.692717 , 0.700104
1.4 , -0.697233 , 0.695469
1.401 , -0.701721 , 0.690807
1.402 , -0.70618 , 0.686116
1.403 , -0.71061 , 0.681397
1.404 , -0.715012 , 0.676651
1.405 , -0.719384 , 0.671877
1.406 , -0.723727 , 0.667076
1.407 , -0.728041 , 0.662247
1.408 , -0.732325 , 0.657392
1.409 , -0.736579 , 0.652509
1.41 , -0.740804 , 0.647601
1.411 , -0.744998 , 0.642665
1.412 , -0.749161 , 0.637704
1.413 , -0.753295 , 0.632717
1.414 , -0.757397 , 0.627704
1.415 , -0.761469 , 0.622665
1.416 , -0.765509 , 0.617601
1.417 , -0.769519 , 0.612512
1.418 , -0.773497 , 0.607398
1.419 , -0.777443 , 0.602259
1.42 , -0.781358 , 0.597095
1.421 , -0.785241 , 0.591907
1.422 , -0.789092 , 0.586695
1.423 , -0.792911 , 0.581459
1.424 , -0.796697 , 0.576199
1.425 , -0.800451 , 0.570916
1.426 , -0.804172 , 0.56561
1.427 , -0.80786 , 0.56028
1.428 , -0.811516 , 0.554928
1.429 , -0.815138 , 0.549553
1.43 , -0.818727 , 0.544155
1.431 , -0.822283 , 0.538736
1.432 , -0.825805 , 0.533294
1.433 , -0.829293 , 0.527831
1.434 , -0.832748 , 0.522346
1.435 , -0.836168 , 0.516839
1.436 , -0.839555 , 0.511312
1.437 , -0.842907 , 0.505764
1.438 , -0.846225 , 0.500195
1.439 , -0.849508 , 0.494606
1.44 , -0.852756 , 0.488996
1.441 , -0.85597 , 0.483367
1.442 , -0.859149 , 0.477717
1.443 , -0.862293 , 0.472049
1.444 , -0.865401 , 0.466361
1.445 , -0.868475 , 0.460654
1.446 , -0.871513 , 0.454928
1.447 , -0.874515 , 0.449184
1.448 , -0.877481 , 0.443421
1.449 , -0.880412 , 0.43764
1.45 , -0.883307 , 0.431842
1.451 , -0.886166 , 0.426026
1.452 , -0.888988 , 0.420192
1.453 , -0.891775 , 0.414341
1.454 , -0.894525 , 0.408474
1.455 , -0.897239 , 0.402589
1.456 , -0.899916 , 0.396689
1.457 , -0.902556 , 0.390772
1.458 , -0.905159 , 0.384839
1.459 , -0.907726 , 0.37889
1.46 , -0.910255 , 0.372927
1.461 , -0.912748 , 0.366947
1.462 , -0.915203 , 0.360953
1.463 , -0.917621 , 0.354945
1.464 , -0.920002 , 0.348921
1.465 , -0.922345 , 0.342884
1.466 , -0.924651 , 0.336832
1.467 , -0.926919 , 0.330767
1.468 , -0.929149 , 0.324689
1.469 , -0.931341 , 0.318597
1.47 , -0.933496 , 0.312492
1.471 , -0.935612 , 0.306374
1.472 , -0.93769 , 0.300244
1.473 , -0.939731 , 0.294102
1.474 , -0.941733 , 0.287948
1.475 , -0.943697 , 0.281782
1.476 , -0.945622 , 0.275605
1.477 , -0.947509 , 0.269416
1.478 , -0.949357 , 0.263217
1.479 , -0.951167 , 0.257007
1.48 , -0.952938 , 0.250786
1.481 , -0.954671 , 0.244555
1.482 , -0.956365 , 0.238314
1.483 , -0.958019 , 0.232064
1.484 , -0.959636 , 0.225804
1.485 , -0.961213 , 0.219535
1.486 , -0.962751 , 0.213257
1.487 , -0.96425 , 0.206971
1.488 , -0.96571 , 0.200676
1.489 , -0.967131 , 0.194373
1.49 , -0.968512 , 0.188062
1.491 , -0.969855 , 0.181743
1.492 , -0.971158 , 0.175417
1.493 , -0.972421 , 0.169084
1.494 , -0.973646 , 0.162744
1.495 , -0.974831 , 0.156398
1.496 , -0.975976 , 0.150045
1.497 , -0.977082 , 0.143686
1.498 , -0.978149 , 0.137322
1.499 , -0.979176 , 0.130951
1.5 , -0.980164 , 0.124576
1.501 , -0.981111 , 0.118195
1.502 , -0.98202 , 0.11181
1.503 , -0.982888 , 0.10542
1.504 , -0.983717 , 0.0990261
1.505 , -0.984506 , 0.0926281
1.506 , -0.985256 , 0.0862262
1.507 , -0.985966 , 0.079821
1.508 , -0.986636 , 0.0734124
1.509 , -0.987266 , 0.067001
1.51 , -0.987857 , 0.0605868
1.511 , -0.988408 , 0.0541702
1.512 , -0.988919 , 0.0477514
1.513 , -0.98939 , 0.0413307
1.514 , -0.989821 , 0.0349083
1.515 , -0.990213 , 0.0284846
1.516 , -0.990565 , 0.0220596
1.517 , -0.990877 , 0.0156338
1.518 , -0.991149 , 0.00920741
1.519 , -0.991382 , 0.0027806
1.52 , -0.991575 , -0.00364631
1.521 , -0.991728 , -0.0100731
1.522 , -0.991841 , -0.0164994
1.523 , -0.991914 , -0.0229251
1.524 , -0.991948 , -0.0293499
1.525 , -0.991942 , -0.0357735
1.526 , -0.991896 , -0.0421957
1.527 , -0.991811 , -0.0486162
1.528 , -0.991686 , -0.0550347
1.529 , -0.991521 , -0.0614511
1.53 , -0.991317 , -0.067865
1.531 , -0.991073 , -0.0742761
1.532 , -0.990789 , -0.0806844
1.533 , -0.990466 , -0.0870893
1.534 , -0.990104 , -0.0934909
1.535 , -0.989701 , -0.0998887
1.536 , -0.98926 , -0.106282
1.537 , -0.988779 , -0.112672
1.538 , -0.988259 , -0.119057
1.539 , -0.987699 , -0.125437
1.54 , -0.9871 , -0.131813
1.541 , -0.986462 , -0.138183
1.542 , -0.985785 , -0.144548
1.543 , -0.985068 , -0.150906
1.544 , -0.984313 , -0.157259
1.545 , -0.983518 , -0.163606
1.546 , -0.982684 , -0.169946
1.547 , -0.981812 , -0.17628
1.548 , -0.9809 , -0.182606
1.549 , -0.97995 , -0.188925
1.55 , -0.97896 , -0.195237
1.551 , -0.977932 , -0.201541
1.552 , -0.976866 , -0.207837
1.553 , -0.97576 , -0.214125
1.554 , -0.974616 , -0.220404
1.555 , -0.973434 , -0.226675
1.556 , -0.972213 , -0.232936
1.557 , -0.970954 , -0.239189
1.558 , -0.969657 , -0.245432
1.559 , -0.968321 , -0.251665
1.56 , -0.966947 , -0.257889
1.561 , -0.965535 , -0.264102
1.562 , -0.964085 , -0.270305
1.563 , -0.962598 , -0.276497
1.564 , -0.961072 , -0.282679
1.565 , -0.959508 , -0.288849
1.566 , -0.957907 , -0.295008
1.567 , -0.956269 , -0.301155
1.568 , -0.954592 , -0.307291
1.569 , -0.952879 , -0.313415
1.57 , -0.951128 , -0.319526
1.571 , -0.949339 , -0.325624
1.572 , -0.947514 , -0.33171
1.573 , -0.945651 , -0.337783
1.574 , -0.943752 , -0.343843
1.575 , -0.941816 , -0.34989
1.576 , -0.939842 , -0.355922
1.577 , -0.937833 , -0.361941
1.578 , -0.935786 , -0.367946
1.579 , -0.933703 , -0.373936
1.58 , -0.931584 , -0.379912
1.581 , -0.929428 , -0.385873
1.582 , -0.927236 , -0.391818
1.583 , -0.925008 , -0.397749
1.584 , -0.922744 , -0.403664
1.585 , -0.920444 , -0.409564
1.586 , -0.918109 , -0.415447
1.587 , -0.915738 , -0.421315
1.588 , -0.913331 , -0.427166
1.589 , -0.910889 , -0.433
1.59 , -0.908411 , -0.438818
1.591 , -0.905898 , -0.444619
1.592 , -0.903351 , -0.450402
1.593 , -0.900768 , -0.456168
1.594 , -0.89815 , -0.461917
1.595 , -0.895498 , -0.467647
1.596 , -0.892811 , -0.47336
1.597 , -0.89009 , -0.479054
1.598 , -0.887334 , -0.48473
1.599 , -0.884544 , -0.490387
1.6 , -0.88172 , -0.496025
1.601 , -0.878862 , -0.501644
1.602 , -0.87597 , -0.507244
1.603 , -0.873044 , -0.512824
1.604 , -0.870085 , -0.518384
1.605 , -0.867092 , -0.523925
1.606 , -0.864066 , -0.529445
1.607 , -0.861007 , -0.534945
1.608 , -0.857915 , -0.540425
1.609 , -0.85479 , -0.545883
1.61 , -0.851632 , -0.551321
1.611 , -0.848441 , -0.556738
1.612 , -0.845218 , -0.562133
1.613 , -0.841963 , -0.567507
1.614 , -0.838675 , -0.572859
1.615 , -0.835356 , -0.57819
1.616 , -0.832004 , -0.583498
1.617 , -0.828621 , -0.588784
1.618 , -0.825206 , -0.594047
1.619 , -0.821759 , -0.599288
1.62 , -0.818282 , -0.604506
1.621 , -0.814773 , -0.609701
1.622 , -0.811233 , -0.614873
1.623 , -0.807662 , -0.620021
1.624 , -0.80406 , -0.625145
1.625 , -0.800428 , -0.630246
1.626 , -0.796766 , -0.635323
1.627 , -0.793073 , -0.640376
1.628 , -0.78935 , -0.645405
1.629 , -0.785597 , -0.650409
1.63 , -0.781814 , -0.655388
1.631 , -0.778002 , -0.660343
1.632 , -0.77416 , -0.665272
1.633 , -0.770289 , -0.670177
1.634 , -0.766389 , -0.675056
1.635 , -0.76246 , -0.679909
1.636 , -0.758502 , -0.684737
1.637 , -0.754516 , -0.689539
1.638 , -0.750501 , -0.694315
1.639 , -0.746457 , -0.699065
1.64 , -0.742386 , -0.703788
1.641 , -0.738286 , -0.708485
1.642 , -0.734159 , -0.713155
1.643 , -0.730004 , -0.717798
1.644 , -0.725821 , -0.722415
1.645 , -0.721612 , -0.727004
1.646 , -0.717375 , -0.731566
1.647 , -0.713111 , -0.7361
1.648 , -0.70882 , -0.740607
1.649 , -0.704503 , -0.745086
1.65 , -0.70016 , -0.749537
1.651 , -0.69579 , -0.753959
1.652 , -0.691394 , -0.758354
1.653 , -0.686972 , -0.76272
1.654 , -0.682525 , -0.767058
1.655 , -0.678052 , -0.771367
1.656 , -0.673553 , -0.775647
1.657 , -0.66903 , -0.779898
1.658 , -0.664481 , -0.78412
1.659 , -0.659908 , -0.788313
1.66 , -0.65531 , -0.792476
1.661 , -0.650687 , -0.79661
1.662 , -0.646041 , -0.800714
1.663 , -0.64137 , -0.804788
1.664 , -0.636675 , -0.808833
1.665 , -0.631957 , -0.812847
1.666 , -0.627215 , -0.816831
1.667 , -0.62245 , -0.820784
1.668 , -0.617662 , -0.824707
1.669 , -0.612851 , -0.8286
1.67 , -0.608017 , -0.832462
1.671 , -0.60316 , -0.836292
1.672 , -0.598281 , -0.840092
1.673 , -0.59338 , -0.843861
1.674 , -0.588457 , -0.847598
1.675 , -0.583512 , -0.851304
1.676 , -0.578546 , -0.854978
1.677 , -0.573558 , -0.858621
1.678 , -0.568549 , -0.862232
1.679 , -0.563518 , -0.865811
1.68 , -0.558468 , -0.869359
1.681 , -0.553396 , -0.872874
1.682 , -0.548304 , -0.876356
1.683 , -0.543192 , -0.879807
1.684 , -0.538059 , -0.883225
1.685 , -0.532907 , -0.88661
1.686 , -0.527736 , -0.889963
1.687 , -0.522544 , -0.893283
1.688 , -0.517334 , -0.89657
1.689 , -0.512104 , -0.899824
1.69 , -0.506856 , -0.903045
1.691 , -0.501589 , -0.906233
1.692 , -0.496304 , -0.909388
1.693 , -0.491 , -0.912509
1.694 , -0.485678 , -0.915596
1.695 , -0.480339 , -0.91865
1.696 , -0.474982 , -0.92167
1.697 , -0.469607 , -0.924657
1.698 , -0.464215 , -0.927609
1.699 , -0.458807 , -0.930528
1.7 , -0.453381 , -0.933412
1.701 , -0.447939 , -0.936262
1.702 , -0.44248 , -0.939078
1.703 , -0.437005 , -0.94186
1.704 , -0.431515 , -0.944607
1.705 , -0.426008 , -0.94732
1.706 , -0.420486 , -0.949998
1.707 , -0.414948 , -0.952641
1.708 , -0.409396 , -0.955249
1.709 , -0.403828 , -0.957823
1.71 , -0.398246 , -0.960362
1.711 , -0.392649 , -0.962865
1.712 , -0.387038 , -0.965334
1.713 , -0.381413 , -0.967767
1.714 , -0.375773 , -0.970165
1.715 , -0.37012 , -0.972528
1.716 , -0.364454 , -0.974855
1.717 , -0.358774 , -0.977147
1.718 , -0.353082 , -0.979403
1.719 , -0.347376 , -0.981623
1.72 , -0.341658 , -0.983808
1.721 , -0.335927 , -0.985957
1.722 , -0.330185 , -0.988071
1.723 , -0.32443 , -0.990148
1.724 , -0.318663 , -0.992189
1.725 , -0.312885 , -0.994195
1.726 , -0.307096 , -0.996164
1.727 , -0.301295 , -0.998097
1.728 , -0.295483 , -0.999994
1.729 , -0.289661 , -1.00185
1.73 , -0.283828 , -1.00368
1.731 , -0.277985 , -1.00547
1.732 , -0.272132 , -1.00722
1.733 , -0.266269 , -1.00893
1.734 , -0.260396 , -1.01061
1.735 , -0.254514 , -1.01225
1.736 , -0.248623 , -1.01386
1.737 , -0.242722 , -1.01543
1.738 , -0.236813 , -1.01696
1.739 , -0.230896 , -1.01845
1.74 , -0.224969 , -1.01991
1.741 , -0.219035 , -1.02133
1.742 , -0.213093 , -1.02272
1.743 , -0.207143 , -1.02406
1.744 , -0.201186 , -1.02538
1.745 , -0.195222 , -1.02665
1.746 , -0.18925 , -1.02789
1.747 , -0.183272 , -1.02908
1.748 , -0.177287 , -1.03025
1.749 , -0.171295 , -1.03137
1.75 , -0.165298 , -1.03246
1.751 , -0.159294 , -1.03351
1.752 , -0.153285 , -1.03452
1.753 , -0.14727 , -1.0355
1.754 , -0.14125 , -1.03644
1.755 , -0.135225 , -1.03734
1.756 , -0.129195 , -1.0382
1.757 , -0.12316 , -1.03903
1.758 , -0.117121 , -1.03982
1.759 , -0.111077 , -1.04057
1.76 , -0.10503 , -1.04128
1.761 , -0.0989785 , -1.04196
1.762 , -0.0929238 , -1.0426
1.763 , -0.0868657 , -1.0432
1.764 , -0.0808045 , -1.04376
1.765 , -0.0747403 , -1.04429
1.766 , -0.0686735 , -1.04478
1.767 , -0.0626042 , -1.04523
1.768 , -0.0565326 , -1.04564
1.769 , -0.0504591 , -1.04602
1.77 , -0.0443837 , -1.04636
1.771 , -0.0383067 , -1.04666
1.772 , -0.0322283 , -1.04692
1.773 , -0.0261488 , -1.04715
1.774 , -0.0200683 , -1.04734
1.775 , -0.0139871 , -1.04749
1.776 , -0.00790542 , -1.0476
1.777 , -0.00182345 , -1.04767
1.778 , 0.00425859 , -1.04771
1.779 , 0.0103405 , -1.04771
1.78 , 0.016422 , -1.04767
1.781 , 0.0225029 , -1.0476
1.782 , 0.028583 , -1.04748
1.783 , 0.0346621 , -1.04733
1.784 , 0.04074 , -1.04714
1.785 , 0.0468164 , -1.04692
1.786 , 0.0528911 , -1.04665
1.787 , 0.0589639 , -1.04635
1.788 , 0.0650346 , -1.04601
1.789 , 0.0711029 , -1.04564
1.79 , 0.0771687 , -1.04522
1.791 , 0.0832317 , -1.04477
1.792 , 0.0892918 , -1.04428
1.793 , 0.0953486 , -1.04376
1.794 , 0.101402 , -1.04319
1.795 , 0.107452 , -1.04259
1.796 , 0.113498 , -1.04195
1.797 , 0.11954 , -1.04128
1.798 , 0.125577 , -1.04056
1.799 , 0.13161 , -1.03981
1.8 , 0.137638 , -1.03902
1.801 , 0.143662 , -1.0382
1.802 , 0.14968 , -1.03734
1.803 , 0.155693 , -1.03644
1.804 , 0.1617 , -1.0355
1.805 , 0.167702 , -1.03452
1.806 , 0.173697 , -1.03351
1.807 , 0.179686 , -1.03246
1.808 , 0.185669 , -1.03138
1.809 , 0.191645 , -1.03026
1.81 , 0.197614 , -1.0291
1.811 , 0.203576 , -1.0279
1.812 , 0.209531 , -1.02667
1.813 , 0.215478 , -1.0254
1.814 , 0.221418 , -1.02409
1.815 , 0.227349 , -1.02274
1.816 , 0.233273 , -1.02136
1.817 , 0.239188 , -1.01995
1.818 , 0.245094 , -1.01849
1.819 , 0.250992 , -1.017
1.82 , 0.25688 , -1.01547
1.821 , 0.26276 , -1.01391
1.822 , 0.26863 , -1.01231
1.823 , 0.27449 , -1.01067
1.824 , 0.28034 , -1.009
1.825 , 0.286181 , -1.00729
1.826 , 0.292011 , -1.00554
1.827 , 0.29783 , -1.00376
1.828 , 0.303639 , -1.00194
1.829 , 0.309437 , -1.00009
1.83 , 0.315224 , -0.9982
1.831 , 0.320999 , -0.996274
1.832 , 0.326763 , -0.994313
1.833 , 0.332515 , -0.992315
1.834 , 0.338255 , -0.990282
1.835 , 0.343983 , -0.988213
1.836 , 0.349698 , -0.986109
1.837 , 0.355401 , -0.983969
1.838 , 0.361091 , -0.981793
1.839 , 0.366768 , -0.979582
1.84 , 0.372432 , -0.977336
1.841 , 0.378083 , -0.975055
1.842 , 0.38372 , -0.972738
1.843 , 0.389343 , -0.970386
1.844 , 0.394952 , -0.968
1.845 , 0.400546 , -0.965578
1.846 , 0.406126 , -0.963122
1.847 , 0.411692 , -0.960631
1.848 , 0.417243 , -0.958105
1.849 , 0.422778 , -0.955544
1.85 , 0.428299 , -0.952949
1.851 , 0.433804 , -0.95032
1.852 , 0.439293 , -0.947656
1.853 , 0.444766 , -0.944958
1.854 , 0.450224 , -0.942226
1.855 , 0.455665 , -0.93946
1.856 , 0.461089 , -0.93666
1.857 , 0.466497 , -0.933826
1.858 , 0.471888 , -0.930958
1.859 , 0.477262 , -0.928056
1.86 , 0.482618 , -0.925121
1.861 , 0.487957 , -0.922152
1.862 , 0.493279 , -0.91915
1.863 , 0.498582 , -0.916115
1.864 , 0.503868 , -0.913046
1.865 , 0.509135 , -0.909944
1.866 , 0.514384 , -0.906809
1.867 , 0.519614 , -0.903642
1.868 , 0.524825 , -0.900441
1.869 , 0.530017 , -0.897208
1.87 , 0.53519 , -0.893942
1.871 , 0.540343 , -0.890644
1.872 , 0.545477 , -0.887313
1.873 , 0.550591 , -0.883951
1.874 , 0.555685 , -0.880556
1.875 , 0.560759 , -0.877129
1.876 , 0.565812 , -0.87367
1.877 , 0.570845 , -0.870179
1.878 , 0.575857 , -0.866657
1.879 , 0.580848 , -0.863103
1.88 , 0.585818 , -0.859517
1.881 , 0.590766 , -0.8559
1.882 , 0.595693 , -0.852252
1.883 , 0.600598 , -0.848573
1.884 , 0.605482 , -0.844863
1.885 , 0.610343 , -0.841123
1.886 , 0.615182 , -0.837351
1.887 , 0.619998 , -0.833549
1.888 , 0.624792 , -0.829716
1.889 , 0.629563 , -0.825853
1.89 , 0.634311 , -0.82196
1.891 , 0.639035 , -0.818037
1.892 , 0.643737 , -0.814084
1.893 , 0.648415 , -0.810101
1.894 , 0.653069 , -0.806088
1.895 , 0.657699 , -0.802046
1.896 , 0.662305 , -0.797974
1.897 , 0.666886 , -0.793873
1.898 , 0.671443 , -0.789744
1.899 , 0.675976 , -0.785585
1.9 , 0.680484 , -0.781397
1.901 , 0.684967 , -0.77718
1.902 , 0.689424 , -0.772935
1.903 , 0.693856 , -0.768662
1.904 , 0.698263 , -0.76436
1.905 , 0.702644 , -0.76003
1.906 , 0.706999 , -0.755672
1.907 , 0.711328 , -0.751287
1.908 , 0.715631 , -0.746873
1.909 , 0.719908 , -0.742432
1.91 , 0.724158 , -0.737964
1.911 , 0.728381 , -0.733469
1.912 , 0.732577 , -0.728946
1.913 , 0.736747 , -0.724397
1.914 , 0.740889 , -0.719821
1.915 , 0.745004 , -0.715218
1.916 , 0.749091 , -0.710588
1.917 , 0.75315 , -0.705933
1.918 , 0.757182 , -0.701251
1.919 , 0.761186 , -0.696544
1.92 , 0.765161 , -0.69181
1.921 , 0.769108 , -0.687051
1.922 , 0.773027 , -0.682266
1.923 , 0.776916 , -0.677457
1.924 , 0.780777 , -0.672622
1.925 , 0.784609 , -0.667762
1.926 , 0.788412 , -0.662877
1.927 , 0.792186 , -0.657967
1.928 , 0.79593 , -0.653033
1.929 , 0.799644 , -0.648075
1.93 , 0.803329 , -0.643093
1.931 , 0.806984 , -0.638087
1.932 , 0.810609 , -0.633057
1.933 , 0.814203 , -0.628003
1.934 , 0.817767 , -0.622926
1.935 , 0.821301 , -0.617826
1.936 , 0.824804 , -0.612702
1.937 , 0.828276 , -0.607556
1.938 , 0.831717 , -0.602387
1.939 , 0.835127 , -0.597195
1.94 , 0.838506 , -0.591981
1.941 , 0.841853 , -0.586745
1.942 , 0.845169 , -0.581487
1.943 , 0.848454 , -0.576208
1.944 , 0.851706 , -0.570906
1.945 , 0.854927 , -0.565584
1.946 , 0.858115 , -0.560239
1.947 , 0.861271 , -0.554874
1.948 , 0.864395 , -0.549489
1.949 , 0.867486 , -0.544082
1.95 , 0.870545 , -0.538655
1.951 , 0.873571 , -0.533208
1.952 , 0.876564 , -0.52774
1.953 , 0.879524 , -0.522253
1.954 , 0.882451 , -0.516746
1.955 , 0.885345 , -0.51122
1.956 , 0.888205 , -0.505674
1.957 , 0.891031 , -0.500109
1.958 , 0.893824 , -0.494525
1.959 , 0.896584 , -0.488923
1.96 , 0.899309 , -0.483302
1.961 , 0.902 , -0.477663
1.962 , 0.904658 , -0.472006
1.963 , 0.90728 , -0.466331
1.964 , 0.909869 , -0.460638
1.965 , 0.912423 , -0.454928
1.966 , 0.914942 , -0.4492
1.967 , 0.917427 , -0.443456
1.968 , 0.919877 , -0.437694
1.969 , 0.922292 , -0.431916
1.97 , 0.924672 , -0.426122
1.971 , 0.927016 , -0.420311
1.972 , 0.929325 , -0.414484
1.973 , 0.931599 , -0.408642
1.974 , 0.933838 , -0.402784
1.975 , 0.936041 , -0.39691
1.976 , 0.938208 , -0.391022
1.977 , 0.940339 , -0.385118
1.978 , 0.942434 , -0.3792
1.979 , 0.944494 , -0.373268
1.98 , 0.946517 , -0.367321
1.981 , 0.948504 , -0.36136
1.982 , 0.950455 , -0.355385
1.983 , 0.952369 , -0.349396
1.984 , 0.954247 , -0.343395
1.985 , 0.956088 , -0.33738
1.986 , 0.957893 , -0.331352
1.987 , 0.959661 , -0.325311
1.988 , 0.961392 , -0.319258
1.989 , 0.963086 , -0.313192
1.99 , 0.964743 , -0.307115
1.991 , 0.966362 , -0.301026
1.992 , 0.967945 , -0.294925
1.993 , 0.96949 , -0.288813
1.994 , 0.970998 , -0.282689
1.995 , 0.972469 , -0.276555
1.996 , 0.973902 , -0.27041
1.997 , 0.975298 , -0.264255
1.998 , 0.976655 , -0.258089
1.999 , 0.977975 , -0.251914
2 , 0.979258 , -0.245728
